xof 0303txt 0032
template XSkinMeshHeader {
 <3cf169ce-ff7c-44ab-93c0-f78f62d172e2>
 WORD nMaxSkinWeightsPerVertex;
 WORD nMaxSkinWeightsPerFace;
 WORD nBones;
}

template VertexDuplicationIndices {
 <b8d65549-d7c9-4995-89cf-53a9a8b031e3>
 DWORD nIndices;
 DWORD nOriginalVertices;
 array DWORD indices[nIndices];
}

template SkinWeights {
 <6f0d123b-bad2-4167-a0d0-80224f25fabb>
 STRING transformNodeName;
 DWORD nWeights;
 array DWORD vertexIndices[nWeights];
 array FLOAT weights[nWeights];
 Matrix4x4 matrixOffset;
}

template AnimTicksPerSecond {
 <9e415a43-7ba6-4a73-8743-b73d47e88476>
 DWORD AnimTicksPerSecond;
}

template VertexElement {
 <f752461c-1e23-48f6-b9f8-8350850f336f>
 DWORD Type;
 DWORD Method;
 DWORD Usage;
 DWORD UsageIndex;
}

template DeclData {
 <bf22e553-292c-4781-9fea-62bd554bdd93>
 DWORD nElements;
 array VertexElement Elements[nElements];
 DWORD nDWords;
 array DWORD data[nDWords];
}


AnimTicksPerSecond {
 4800;
}

Frame Dummy01 {
 

 FrameTransformMatrix {
  1.000000,0.000000,0.000000,0.000000,0.000000,-0.000000,-1.000000,0.000000,0.000000,1.000000,-0.000000,0.000000,0.000000,0.000000,0.000000,1.000000;;
 }

 Frame Bip01 {
  

  FrameTransformMatrix {
   -0.353776,0.923581,-0.147782,0.000000,-0.030695,0.146450,0.988742,0.000000,0.934826,0.354330,-0.023461,0.000000,0.005533,-0.024850,0.192305,1.000000;;
  }

  Frame Bip01_Pelvis {
   

   FrameTransformMatrix {
    -0.014298,0.997250,-0.072713,0.000000,0.047421,0.073315,0.996181,0.000000,0.998773,0.010795,-0.048339,0.000000,0.000000,0.000000,0.000000,1.000000;;
   }

   Frame Bip01_Spine {
    

    FrameTransformMatrix {
     0.889874,0.103495,0.444313,0.000000,-0.124208,0.992099,0.017673,0.000000,-0.438973,-0.070914,0.895698,0.000000,0.051529,0.003792,0.000481,1.000000;;
    }

    Frame Bip01_Spine1 {
     

     FrameTransformMatrix {
      0.912442,0.202052,0.355843,0.000000,-0.175722,0.978803,-0.105193,0.000000,-0.369555,0.033453,0.928607,0.000000,0.106511,-0.000003,-0.000079,1.000000;;
     }

     Frame Bip01_Neck {
      

      FrameTransformMatrix {
       0.978425,0.135082,0.156324,0.000000,-0.081727,0.947986,-0.307642,0.000000,-0.189750,0.288228,0.938573,0.000000,0.130510,-0.000008,0.004627,1.000000;;
      }

      Frame Bip01_Head {
       

       FrameTransformMatrix {
        0.687954,0.029714,-0.725145,0.000000,-0.007369,0.999396,0.033961,0.000000,0.725717,-0.018020,0.687758,0.000000,0.033674,-0.000000,0.000000,1.000000;;
       }

       Frame Bip01_HeadNub {
        

        FrameTransformMatrix {
         1.000000,0.000000,0.000000,0.000000,0.000000,1.000000,0.000000,0.000000,-0.000000,-0.000000,1.000000,0.000000,0.169824,0.000000,-0.000000,1.000000;;
        }
       }
      }

      Frame Bip01_L_Clavicle {
       

       FrameTransformMatrix {
        0.256798,0.949408,0.180775,0.000000,0.951792,-0.215966,-0.217830,0.000000,-0.167769,0.227999,-0.959099,0.000000,-0.022111,0.018292,0.004749,1.000000;;
       }

       Frame Bip01_L_UpperArm {
        

        FrameTransformMatrix {
         0.476318,-0.669995,-0.569410,0.000000,0.848284,0.520568,0.097074,0.000000,0.231378,-0.529260,0.816302,0.000000,0.087086,0.000000,0.000000,1.000000;;
        }

        Frame Bip01_L_Forearm {
         

         FrameTransformMatrix {
          0.563144,-0.000000,-0.826359,0.000000,-0.000000,1.000000,0.000000,0.000000,0.826359,0.000000,0.563144,0.000000,0.137062,0.000000,0.000000,1.000000;;
         }

         Frame Bip01_L_Hand {
          

          FrameTransformMatrix {
           0.996008,-0.012671,-0.088361,0.000000,0.085619,-0.144393,0.985809,0.000000,-0.025249,-0.989439,-0.142731,0.000000,0.137062,0.000000,0.000000,1.000000;;
          }

          Frame Bip01_L_Finger0 {
           

           FrameTransformMatrix {
            0.469515,-0.188366,0.862597,0.000000,0.720132,0.646965,-0.250692,0.000000,-0.510849,0.738888,0.439408,0.000000,0.057681,-0.023605,-0.000272,1.000000;;
           }

           Frame Bip01_L_Finger0Nub {
            

            FrameTransformMatrix {
             1.000000,0.000000,-0.000000,0.000000,0.000000,1.000000,0.000000,0.000000,0.000000,-0.000000,1.000000,0.000000,0.029435,0.000000,0.000000,1.000000;;
            }
           }
          }

          Frame Bip01_L_Finger1 {
           

           FrameTransformMatrix {
            0.313558,-0.000756,0.949569,0.000000,-0.000000,1.000000,0.000796,0.000000,-0.949569,-0.000250,0.313558,0.000000,0.084102,0.000000,0.000000,1.000000;;
           }

           Frame Bip01_L_Finger1Nub {
            

            FrameTransformMatrix {
             1.000000,0.000000,0.000000,0.000000,-0.000000,1.000000,0.000000,0.000000,-0.000000,0.000000,1.000000,0.000000,0.047988,0.000000,0.000000,1.000000;;
            }
           }
          }
         }
        }
       }
      }

      Frame Bip01_R_Clavicle {
       

       FrameTransformMatrix {
        -0.046424,-0.926645,-0.373061,0.000000,-0.988064,-0.012317,0.153548,0.000000,-0.146879,0.375736,-0.915013,0.000000,-0.026356,-0.011503,-0.004310,1.000000;;
       }

       Frame Bip01_R_UpperArm {
        

        FrameTransformMatrix {
         0.190652,0.959492,-0.207428,0.000000,-0.915168,0.250168,0.316044,0.000000,0.355134,0.129578,0.925791,0.000000,0.087086,-0.000000,0.000000,1.000000;;
        }

        Frame Bip01_R_Forearm {
         

         FrameTransformMatrix {
          0.462567,0.000000,-0.886584,0.000000,0.000000,1.000000,-0.000000,0.000000,0.886584,0.000000,0.462567,0.000000,0.137062,0.000000,0.000000,1.000000;;
         }

         Frame Bip01_R_Hand {
          

          FrameTransformMatrix {
           0.999669,0.023423,0.010685,0.000000,0.003816,0.275633,-0.961256,0.000000,-0.025460,0.960978,0.275452,0.000000,0.137062,0.000000,0.000000,1.000000;;
          }

          Frame Bip01_R_Finger0 {
           

           FrameTransformMatrix {
            0.134657,0.586321,0.798809,0.000000,-0.939285,0.332299,-0.085567,0.000000,-0.315613,-0.738787,0.595469,0.000000,0.057681,0.023605,-0.000272,1.000000;;
           }

           Frame Bip01_R_Finger0Nub {
            

            FrameTransformMatrix {
             -1.000000,0.000000,-0.000000,0.000000,0.000000,1.000000,-0.000000,0.000000,0.000000,-0.000000,-1.000000,0.000000,0.029435,0.000000,0.000000,1.000000;;
            }
           }
          }

          Frame Bip01_R_Finger1 {
           

           FrameTransformMatrix {
            0.666936,0.000593,0.745114,0.000000,0.000000,1.000000,-0.000796,0.000000,-0.745115,0.000531,0.666936,0.000000,0.084102,0.000000,0.000000,1.000000;;
           }

           Frame Bip01_R_Finger1Nub {
            

            FrameTransformMatrix {
             -1.000000,-0.000000,0.000000,0.000000,-0.000000,1.000000,0.000000,0.000000,0.000000,0.000000,-1.000000,0.000000,0.047988,0.000000,0.000000,1.000000;;
            }
           }
          }
         }
        }
       }
      }
     }

     Frame Bip01_BackPack {
      

      FrameTransformMatrix {
       -0.106593,-0.000073,-0.994303,0.000000,0.087902,0.996084,-0.009496,0.000000,0.990410,-0.088413,-0.106169,0.000000,0.063696,0.000004,-0.088844,1.000000;;
      }

      Frame Bip01_BackPackNub {
       

       FrameTransformMatrix {
        0.000796,0.000003,1.000000,0.000000,0.000000,-1.000000,0.000003,0.000000,1.000000,-0.000000,-0.000796,0.000000,0.053240,0.000000,-0.000000,1.000000;;
       }
      }
     }
    }

    Frame Bip01_L_Thigh {
     

     FrameTransformMatrix {
      0.598465,0.370328,0.710420,0.000000,0.022184,-0.894072,0.447374,0.000000,0.800842,-0.251978,-0.543286,0.000000,-0.040745,0.057419,0.018541,1.000000;;
     }

     Frame Bip01_L_Calf {
      

      FrameTransformMatrix {
       -0.745408,0.000000,-0.666609,0.000000,0.000000,1.000000,0.000000,0.000000,0.666609,-0.000000,-0.745408,0.000000,0.237500,-0.000000,0.000000,1.000000;;
      }

      Frame Bip01_L_Foot {
       

       FrameTransformMatrix {
        0.712689,0.097342,0.694693,0.000000,-0.094550,0.994618,-0.042369,0.000000,-0.695079,-0.035487,0.718057,0.000000,0.206841,-0.000000,-0.000000,1.000000;;
       }

       Frame Bip01_L_Toe0 {
        

        FrameTransformMatrix {
         -0.000797,0.013164,0.999913,0.000000,-0.060279,0.998094,-0.013188,0.000000,-0.998181,-0.060284,-0.000002,0.000000,0.065373,-0.000000,0.066450,1.000000;;
        }

        Frame Bip01_L_Toe0Nub {
         

         FrameTransformMatrix {
          -1.000000,0.000000,-0.000000,0.000000,0.000000,1.000000,-0.000000,0.000000,0.000000,0.000000,-1.000000,0.000000,0.006735,0.000000,0.000000,1.000000;;
         }
        }
       }
      }
     }
    }

    Frame Bip01_R_Thigh {
     

     FrameTransformMatrix {
      -0.412944,-0.074473,0.907707,0.000000,0.501635,-0.850447,0.158435,0.000000,0.760158,0.520762,0.388545,0.000000,-0.052176,-0.052159,0.026373,1.000000;;
     }

     Frame Bip01_R_Calf {
      

      FrameTransformMatrix {
       -0.832598,0.000000,-0.553878,0.000000,0.000000,1.000000,0.000000,0.000000,0.553878,0.000000,-0.832598,0.000000,0.237500,0.000000,-0.000000,1.000000;;
      }

      Frame Bip01_R_Foot {
       

       FrameTransformMatrix {
        0.878790,-0.077351,0.470897,0.000000,0.032245,0.994145,0.103126,0.000000,-0.476117,-0.075442,0.876140,0.000000,0.206841,-0.000000,-0.000000,1.000000;;
       }

       Frame Bip01_R_Toe0 {
        

        FrameTransformMatrix {
         -0.957633,0.284574,0.044245,0.000000,0.283513,0.904550,0.318450,0.000000,0.050600,0.317502,-0.946907,0.000000,0.065373,0.000000,0.066450,1.000000;;
        }

        Frame Bip01_R_Toe0Nub {
         

         FrameTransformMatrix {
          1.000000,-0.000000,-0.000000,0.000000,-0.000000,1.000000,0.000000,0.000000,-0.000000,0.000000,1.000000,0.000000,0.006735,0.000000,-0.000000,1.000000;;
         }
        }
       }
      }
     }
    }
   }

   Frame Bip01_DressFront {
    

    FrameTransformMatrix {
     0.015307,0.229266,0.973244,0.000000,0.317291,0.921936,-0.222170,0.000000,-0.948205,0.312203,-0.058632,0.000000,0.000918,0.008773,0.067418,1.000000;;
    }

    Frame Bip01_DressFront02 {
     

     FrameTransformMatrix {
      0.322566,-0.373007,0.869952,0.000000,0.129977,0.927829,0.349629,0.000000,-0.937581,0.000295,0.347768,0.000000,0.183448,-0.000000,-0.000046,1.000000;;
     }

     Frame Bip01_DressFrontNub {
      

      FrameTransformMatrix {
       0.000796,0.000003,1.000000,0.000000,0.000000,-1.000000,0.000003,0.000000,1.000000,-0.000000,-0.000796,0.000000,0.165302,0.000000,-0.000000,1.000000;;
      }
     }
    }
   }

   Frame Bip01_DressBack {
    

    FrameTransformMatrix {
     -0.498658,-0.109169,0.859897,0.000000,0.050044,0.986757,0.154295,0.000000,-0.865353,0.119973,-0.486591,0.000000,-0.047611,-0.000017,-0.078351,1.000000;;
    }

    Frame Bip01_DressBack02 {
     

     FrameTransformMatrix {
      -0.677736,0.018983,0.735061,0.000000,0.083258,0.995219,0.051063,0.000000,-0.730577,0.095806,-0.676076,0.000000,0.176238,-0.000010,0.000073,1.000000;;
     }

     Frame Bip01_DressBackNub {
      

      FrameTransformMatrix {
       0.000796,0.000003,1.000000,0.000000,-0.000000,-1.000000,0.000003,0.000000,1.000000,0.000000,-0.000796,0.000000,0.136508,0.000000,0.000000,1.000000;;
      }
     }
    }
   }
  }

  Frame Bip01_Prop1 {
   

   FrameTransformMatrix {
    -0.549372,0.130250,0.825364,0.000000,0.832606,0.168577,0.527589,0.000000,-0.070419,0.977045,-0.201058,0.000000,0.103107,-0.049745,-0.136319,1.000000;;
   }
  }

  Frame Bip01_Prop2 {
   

   FrameTransformMatrix {
    0.715329,-0.676177,0.176320,0.000000,0.684964,0.628551,-0.368439,0.000000,0.138304,0.384329,0.912778,0.000000,0.237884,-0.072540,0.190667,1.000000;;
   }
  }
 }
}

Frame Translation_Data {
 

 FrameTransformMatrix {
  -0.000000,0.000000,-1.000000,0.000000,-1.000000,-0.000000,0.000000,0.000000,-0.000000,1.000000,0.000000,0.000000,0.000000,-0.000000,0.000000,1.000000;;
 }
}

Frame Body {
 

 FrameTransformMatrix {
  1.000000,0.000000,0.000000,0.000000,0.000000,1.000000,0.000000,0.000000,0.000000,0.000000,1.000000,0.000000,0.000000,0.000000,0.000000,1.000000;;
 }

 Mesh Body {
  1467;
  0.033754;0.362884;-0.167382;,
  -0.003443;0.385786;-0.161618;,
  -0.000243;0.354790;-0.147834;,
  0.046841;0.346167;-0.155491;,
  0.050925;0.330251;-0.139652;,
  0.005344;0.321900;-0.133491;,
  0.016830;0.302676;-0.114386;,
  0.060491;0.321626;-0.108013;,
  0.004980;0.427369;-0.157894;,
  0.039665;0.414592;-0.158140;,
  0.060145;0.426442;-0.137352;,
  0.032463;0.437015;-0.130163;,
  0.092394;0.249939;0.020716;,
  0.064849;0.246845;0.060138;,
  0.062455;0.261856;0.050063;,
  0.084136;0.260126;0.016654;,
  0.057112;0.248931;-0.029998;,
  0.078499;0.229321;-0.014659;,
  0.020076;0.237614;-0.044523;,
  0.026584;0.189773;-0.028954;,
  0.056642;0.203866;-0.028372;,
  -0.034821;0.327618;-0.127205;,
  -0.036507;0.304496;-0.103565;,
  0.026819;0.240817;0.077513;,
  0.023517;0.259081;0.067862;,
  0.057035;0.365550;-0.012543;,
  0.009589;0.375454;0.005823;,
  0.004966;0.409371;-0.023056;,
  0.057531;0.398826;-0.042174;,
  0.047468;0.220776;-0.034431;,
  0.047759;0.245230;-0.134725;,
  0.089519;0.223329;-0.140381;,
  0.088541;0.198012;-0.035613;,
  0.045875;0.223343;-0.245980;,
  0.076833;0.214905;-0.233989;,
  0.003601;0.209206;-0.034199;,
  0.027556;0.132736;-0.004540;,
  0.023027;0.139005;-0.139249;,
  0.004742;0.212571;-0.134229;,
  0.025895;0.196692;-0.220121;,
  0.020667;0.207067;-0.233480;,
  0.097067;0.150331;-0.031187;,
  0.100198;0.159509;-0.143242;,
  0.066070;0.203637;-0.220791;,
  0.096760;-0.001281;-0.079460;,
  0.051990;-0.003964;-0.083118;,
  0.056675;-0.003750;-0.034524;,
  0.091471;-0.001672;-0.034332;,
  0.056355;0.161410;-0.215668;,
  0.063019;0.107699;-0.165054;,
  0.089948;0.128838;-0.142503;,
  0.085392;0.183287;-0.193459;,
  0.071790;0.056207;-0.110959;,
  0.090060;0.070187;-0.086105;,
  0.015435;0.157867;-0.185379;,
  0.011025;0.204357;-0.154948;,
  0.025185;0.151605;-0.118132;,
  0.032023;0.118318;-0.144196;,
  0.055221;0.085459;-0.071129;,
  0.054441;0.057638;-0.088151;,
  0.081502;0.219672;-0.160211;,
  0.086902;0.158452;-0.118019;,
  0.078772;0.092255;-0.073225;,
  0.088826;0.201713;-0.009369;,
  -0.014860;0.178823;-0.022193;,
  -0.006049;0.146577;-0.005800;,
  0.003601;0.209206;-0.034199;,
  0.112574;0.203958;0.039770;,
  0.076640;0.203811;0.082086;,
  0.103212;0.154366;0.004261;,
  0.069446;0.148087;0.041593;,
  0.057795;0.320983;0.016109;,
  0.080947;0.348838;-0.032924;,
  0.085470;0.339826;-0.050774;,
  0.061290;0.308237;-0.085479;,
  0.052613;0.279724;-0.047976;,
  0.078112;0.304504;-0.013639;,
  0.017597;0.287876;-0.096304;,
  0.021374;0.262889;-0.058373;,
  -0.037093;0.294895;-0.086665;,
  -0.024932;0.261222;-0.041687;,
  0.086971;0.356525;-0.193965;,
  0.044273;0.347769;-0.162409;,
  0.118750;0.317207;-0.190938;,
  0.074084;0.294180;-0.158309;,
  0.106710;0.259239;-0.150593;,
  0.143330;0.276732;-0.177263;,
  0.075128;0.357968;-0.110875;,
  0.103076;0.315919;-0.103061;,
  0.074084;0.294180;-0.158309;,
  0.134134;0.263426;-0.107841;,
  0.106710;0.259239;-0.150593;,
  0.084316;0.364373;-0.109151;,
  0.115793;0.377307;-0.138413;,
  0.147716;0.339272;-0.135706;,
  0.170723;0.280712;-0.134409;,
  0.104918;0.369563;-0.173863;,
  0.140050;0.269116;-0.193341;,
  0.096565;0.247007;-0.162999;,
  0.102290;0.199558;-0.200387;,
  0.129811;0.215855;-0.218397;,
  0.105924;0.165628;-0.222012;,
  0.125134;0.170050;-0.238115;,
  0.096565;0.247007;-0.162999;,
  0.137169;0.224556;-0.120059;,
  0.145137;0.181570;-0.167002;,
  0.102290;0.199558;-0.200387;,
  0.135007;0.149626;-0.200831;,
  0.105924;0.165628;-0.222012;,
  0.180418;0.246626;-0.150185;,
  0.166009;0.194454;-0.180875;,
  0.149242;0.153996;-0.213950;,
  0.064338;0.081038;-0.277180;,
  0.070308;0.100142;-0.268055;,
  0.106854;0.087011;-0.239584;,
  0.100639;0.068430;-0.248925;,
  0.071211;0.120344;-0.266800;,
  0.074175;0.109676;-0.268601;,
  0.077194;0.110719;-0.279130;,
  0.069457;0.123365;-0.277931;,
  0.114282;0.118255;-0.213791;,
  0.118174;0.091057;-0.239109;,
  0.099478;0.128338;-0.271448;,
  0.088350;0.147420;-0.244597;,
  0.146890;0.125609;-0.231515;,
  0.132267;0.088227;-0.252946;,
  0.120780;0.157005;-0.263681;,
  0.114718;0.124687;-0.283732;,
  0.064249;0.418100;-0.171277;,
  0.062367;0.395201;-0.190336;,
  0.039665;0.414592;-0.158140;,
  0.031706;0.392891;-0.171478;,
  0.086976;0.382855;-0.064652;,
  0.008501;0.401200;-0.168263;,
  0.059317;0.369313;-0.186842;,
  0.033754;0.362884;-0.167382;,
  0.046841;0.346167;-0.155491;,
  0.065552;0.359526;-0.172047;,
  0.084355;0.401166;-0.105523;,
  0.052455;0.418859;-0.080090;,
  0.085392;0.400143;-0.111710;,
  -0.001563;0.428403;-0.060873;,
  -0.013570;0.437932;-0.118940;,
  0.060145;0.426442;-0.137352;,
  0.085392;0.400143;-0.111710;,
  0.061672;0.351148;-0.121002;,
  0.084212;0.389511;-0.112009;,
  0.044273;0.347769;-0.162409;,
  0.079896;0.356893;-0.081295;,
  0.063515;0.330443;-0.096852;,
  0.050925;0.330251;-0.139652;,
  0.089351;0.369580;-0.075704;,
  0.088350;0.147420;-0.244597;,
  -0.003930;0.438837;-0.163575;,
  0.005886;0.424194;-0.177607;,
  -0.022109;0.436634;-0.151056;,
  -0.030240;0.444802;-0.159016;,
  0.114718;0.124687;-0.283732;,
  0.064338;0.081038;-0.277180;,
  0.100639;0.068430;-0.248925;,
  0.081071;0.134980;-0.257483;,
  0.083139;0.136829;-0.283238;,
  0.081071;0.134980;-0.257483;,
  0.088841;0.119929;-0.262952;,
  0.100558;0.122999;-0.284378;,
  0.100558;0.122999;-0.284378;,
  0.071211;0.120344;-0.266800;,
  0.069457;0.123365;-0.277931;,
  0.077194;0.110719;-0.279130;,
  0.102697;0.020722;-0.156223;,
  0.071859;0.015790;-0.194142;,
  0.074393;-0.002676;-0.201346;,
  0.109645;-0.000529;-0.163368;,
  0.051063;0.029373;-0.045230;,
  0.056675;-0.003750;-0.034524;,
  0.051990;-0.003964;-0.083118;,
  0.049149;0.020864;-0.085688;,
  0.055221;0.085459;-0.071129;,
  0.078772;0.092255;-0.073225;,
  0.092348;0.034894;-0.045217;,
  0.096760;-0.001281;-0.079460;,
  0.091471;-0.001672;-0.034332;,
  0.095834;0.033671;-0.081944;,
  0.071790;0.056207;-0.110959;,
  0.090060;0.070187;-0.086105;,
  0.039381;-0.004771;-0.191353;,
  0.044464;0.011105;-0.184049;,
  0.109645;-0.000529;-0.163368;,
  0.039381;-0.004771;-0.191353;,
  0.004742;0.212571;-0.134229;,
  0.020667;0.207067;-0.233480;,
  0.015435;0.157867;-0.185379;,
  0.032023;0.118318;-0.144196;,
  0.054441;0.057638;-0.088151;,
  0.054441;0.057638;-0.088151;,
  0.015253;0.141047;0.041312;,
  0.017179;0.419798;-0.192971;,
  0.008768;0.410728;-0.210508;,
  -0.000065;0.404707;-0.207080;,
  -0.001463;0.410318;-0.188041;,
  0.009030;0.444612;-0.175771;,
  0.000829;0.459729;-0.158836;,
  -0.011377;0.548623;-0.243115;,
  -0.031129;0.552706;-0.244385;,
  -0.030761;0.533152;-0.266938;,
  0.004214;0.471668;-0.269258;,
  0.000043;0.501085;-0.269474;,
  -0.012684;0.468463;-0.275336;,
  0.022040;0.447459;-0.197229;,
  0.014345;0.429291;-0.219495;,
  0.015376;0.433127;-0.187686;,
  0.022498;0.485930;-0.190626;,
  0.022956;0.489123;-0.214949;,
  0.021692;0.522625;-0.231097;,
  0.013233;0.512612;-0.255761;,
  0.018962;0.477228;-0.239137;,
  0.008634;0.507663;-0.159128;,
  0.019729;0.494164;-0.176242;,
  -0.030562;0.511110;-0.148761;,
  -0.031236;0.552887;-0.174913;,
  0.001711;0.548655;-0.184108;,
  0.019790;0.455818;-0.231625;,
  0.005586;0.443981;-0.252493;,
  0.005230;0.415942;-0.229990;,
  -0.008841;0.388786;-0.234171;,
  -0.028226;0.382425;-0.242189;,
  -0.028327;0.386529;-0.221450;,
  -0.004811;0.522076;-0.266621;,
  0.008461;0.539219;-0.239744;,
  0.017016;0.540928;-0.201401;,
  0.003263;0.554800;-0.214829;,
  -0.031377;0.564135;-0.208773;,
  -0.014095;0.561614;-0.210332;,
  -0.029876;0.470939;-0.148906;,
  0.017016;0.540928;-0.201401;,
  0.003263;0.554800;-0.214829;,
  0.026199;0.477765;-0.201980;,
  0.026471;0.449940;-0.198604;,
  0.032614;0.481317;-0.189155;,
  0.029230;0.497110;-0.202456;,
  0.032614;0.481317;-0.189155;,
  0.026471;0.449940;-0.198604;,
  0.029230;0.497110;-0.202456;,
  0.022956;0.489123;-0.214949;,
  0.023891;0.463979;-0.214429;,
  0.022040;0.447459;-0.197229;,
  0.004944;0.465291;-0.258884;,
  0.023891;0.463979;-0.214429;,
  0.008501;0.401200;-0.168263;,
  0.005886;0.424194;-0.177607;,
  0.031706;0.392891;-0.171478;,
  0.009030;0.444612;-0.175771;,
  -0.034258;0.368944;-0.157095;,
  -0.034118;0.350715;-0.141383;,
  -0.020738;0.233981;-0.029591;,
  0.038457;0.199403;0.099285;,
  0.040440;0.165170;0.100187;,
  0.037162;0.143930;0.085098;,
  -0.027783;0.385283;-0.196371;,
  0.015253;0.141047;0.041312;,
  -0.014095;0.561614;-0.210332;,
  -0.031377;0.564135;-0.208773;,
  -0.008695;0.417570;-0.248142;,
  -0.016550;0.437303;-0.261208;,
  -0.016202;0.427976;-0.258736;,
  -0.030534;0.520623;-0.276045;,
  -0.030104;0.496008;-0.282473;,
  -0.014682;0.462453;-0.263962;,
  0.014778;0.326109;0.034928;,
  0.031706;0.392891;-0.171478;,
  0.074393;-0.002676;-0.201346;,
  -0.009186;0.411308;-0.246075;,
  -0.016776;0.407279;-0.252197;,
  -0.017060;0.412895;-0.250075;,
  -0.029006;0.431014;-0.274664;,
  -0.028928;0.425424;-0.263286;,
  -0.017345;0.415328;-0.255791;,
  -0.028732;0.412841;-0.250672;,
  -0.028588;0.404732;-0.254389;,
  -0.029580;0.465258;-0.281415;,
  -0.029454;0.457316;-0.275065;,
  0.084212;0.389511;-0.112009;,
  -0.028742;0.414175;-0.259419;,
  0.060750;0.365951;-0.112216;,
  0.061672;0.351148;-0.121002;,
  0.050925;0.330251;-0.139652;,
  0.019729;0.494164;-0.176242;,
  0.056355;0.161410;-0.215668;,
  -0.003083;0.125300;-0.231686;,
  0.010091;0.060000;-0.213027;,
  0.063019;0.107699;-0.165054;,
  0.045875;0.223343;-0.245980;,
  -0.005940;0.209355;-0.229048;,
  0.047759;0.245230;-0.134725;,
  -0.008223;0.211750;-0.129608;,
  0.047468;0.220776;-0.034431;,
  -0.002849;0.215529;-0.041046;,
  0.026584;0.189773;-0.028954;,
  0.013171;-0.003467;-0.198610;,
  0.071790;0.056207;-0.110959;,
  0.033243;0.149165;-0.079004;,
  0.047177;0.101462;-0.032482;,
  0.065318;0.057268;0.116107;,
  0.032225;0.062942;0.056623;,
  0.000430;0.059461;0.000307;,
  0.014407;0.212645;-0.143370;,
  -0.025333;0.044534;-0.030631;,
  0.019975;0.189392;-0.209911;,
  0.024268;0.124098;-0.139486;,
  -0.002804;0.089293;0.011239;,
  0.039450;0.140519;0.097546;,
  0.060750;0.365951;-0.112216;,
  -0.098719;0.385079;-0.135246;,
  -0.109549;0.372521;-0.117735;,
  -0.064107;0.365966;-0.132795;,
  -0.057397;0.394720;-0.149458;,
  -0.111504;0.358461;-0.101183;,
  -0.111476;0.348705;-0.059826;,
  -0.085625;0.318809;-0.085676;,
  -0.073188;0.335644;-0.114998;,
  -0.050877;0.436357;-0.145585;,
  -0.057468;0.452753;-0.108985;,
  -0.087943;0.452623;-0.103202;,
  -0.085431;0.435291;-0.129829;,
  -0.059673;0.242919;0.088648;,
  -0.055480;0.257527;0.079045;,
  -0.015795;0.260399;0.085030;,
  -0.011826;0.243306;0.094391;,
  -0.072847;0.246512;0.028077;,
  -0.075159;0.222228;0.053983;,
  -0.059130;0.236139;-0.009127;,
  -0.069258;0.197515;0.023529;,
  -0.048261;0.186318;0.004481;,
  0.023517;0.259081;0.067862;,
  0.026819;0.240817;0.077513;,
  -0.040268;0.378642;0.020409;,
  -0.050584;0.415851;-0.011879;,
  0.004966;0.409371;-0.023056;,
  0.009589;0.375454;0.005823;,
  -0.052066;0.165393;-0.003124;,
  -0.087586;0.164862;0.031119;,
  -0.129104;0.090495;-0.025631;,
  -0.087677;0.088271;-0.048747;,
  -0.153119;0.002480;-0.052184;,
  -0.128497;-0.014999;-0.065135;,
  -0.009850;0.145100;0.015023;,
  -0.048669;0.061092;-0.023115;,
  -0.069681;0.036342;0.045568;,
  -0.009827;0.112844;0.087956;,
  -0.101194;-0.020277;-0.050910;,
  -0.101657;-0.011880;-0.038359;,
  -0.141972;0.068425;0.033889;,
  -0.086193;0.132939;0.083290;,
  -0.138900;0.004595;-0.040418;,
  -0.100167;0.112072;0.191036;,
  -0.080905;0.153128;0.188215;,
  -0.047950;0.141860;0.186769;,
  -0.058840;0.094342;0.189388;,
  -0.125765;-0.001882;0.001112;,
  -0.143979;0.034355;-0.011933;,
  -0.126582;0.068244;0.052340;,
  -0.110453;0.032688;0.064841;,
  -0.103279;0.103659;0.120668;,
  -0.095073;0.071256;0.129563;,
  -0.076081;0.008579;0.006263;,
  -0.073946;0.041995;0.055396;,
  -0.057996;0.070712;0.027918;,
  -0.060902;0.045332;-0.032796;,
  -0.069808;0.088887;0.128756;,
  -0.066293;0.107842;0.103030;,
  -0.114657;0.096109;0.028527;,
  -0.127926;0.071356;-0.040527;,
  -0.089304;0.115439;0.098580;,
  -0.075966;0.194106;0.064247;,
  -0.009850;0.145100;0.015023;,
  -0.000035;0.200272;0.116339;,
  -0.055380;0.196205;0.114799;,
  -0.017118;0.144693;0.111899;,
  -0.068958;0.145505;0.099826;,
  -0.029897;0.329889;0.050126;,
  -0.075558;0.369896;0.020076;,
  -0.092504;0.363772;0.009497;,
  -0.068662;0.319411;0.043298;,
  -0.080092;0.293202;0.003503;,
  -0.104583;0.330556;-0.029306;,
  -0.068966;0.272064;-0.023329;,
  -0.084084;0.301557;-0.061870;,
  -0.148651;0.377723;-0.114117;,
  -0.167455;0.350422;-0.075828;,
  -0.094894;0.377670;-0.111706;,
  -0.174118;0.327291;-0.033498;,
  -0.126789;0.318650;-0.026974;,
  -0.109483;0.338162;-0.066945;,
  -0.092902;0.415866;-0.064282;,
  -0.109483;0.338162;-0.066945;,
  -0.105521;0.387789;-0.023506;,
  -0.126789;0.318650;-0.026974;,
  -0.126511;0.343958;0.015818;,
  -0.100365;0.423785;-0.061117;,
  -0.163526;0.400320;-0.032570;,
  -0.144245;0.426634;-0.070106;,
  -0.173733;0.352438;0.009450;,
  -0.153987;0.401480;-0.096702;,
  -0.178434;0.314893;-0.045403;,
  -0.175058;0.255387;-0.049528;,
  -0.140030;0.245331;-0.045121;,
  -0.122649;0.303080;-0.038416;,
  -0.174183;0.205232;-0.049651;,
  -0.147807;0.204966;-0.044125;,
  -0.122649;0.303080;-0.038416;,
  -0.140030;0.245331;-0.045121;,
  -0.154923;0.245987;0.010122;,
  -0.129846;0.303456;0.024391;,
  -0.147807;0.204966;-0.044125;,
  -0.162985;0.203271;-0.007863;,
  -0.181682;0.254006;0.006422;,
  -0.185308;0.315299;0.017418;,
  -0.179676;0.202649;-0.012428;,
  -0.139594;0.082733;-0.058469;,
  -0.162575;0.094804;-0.018454;,
  -0.156217;0.115191;-0.014573;,
  -0.132914;0.103406;-0.055030;,
  -0.127373;0.149078;-0.068717;,
  -0.130112;0.148577;-0.080047;,
  -0.132930;0.134745;-0.075361;,
  -0.126808;0.138035;-0.066831;,
  -0.156636;0.167686;-0.007122;,
  -0.136168;0.172752;-0.052150;,
  -0.156026;0.146659;-0.063714;,
  -0.170136;0.133650;-0.014552;,
  -0.187543;0.128146;-0.022601;,
  -0.191571;0.173420;-0.020467;,
  -0.171014;0.179744;-0.067790;,
  -0.174233;0.141420;-0.069842;,
  -0.109795;0.446436;-0.128147;,
  -0.123722;0.425436;-0.144244;,
  -0.089822;0.413176;-0.141856;,
  -0.085431;0.435291;-0.129829;,
  -0.090970;0.410876;-0.014790;,
  -0.066032;0.412953;-0.152095;,
  -0.127591;0.398446;-0.140504;,
  -0.127518;0.387438;-0.121070;,
  -0.109549;0.372521;-0.117735;,
  -0.098719;0.385079;-0.135246;,
  -0.101374;0.436702;-0.062674;,
  -0.105208;0.436630;-0.067685;,
  -0.058427;0.438264;-0.053978;,
  -0.001563;0.428403;-0.060873;,
  -0.013570;0.437932;-0.118940;,
  -0.087943;0.452623;-0.103202;,
  -0.105208;0.436630;-0.067685;,
  -0.105367;0.380411;-0.081301;,
  -0.094894;0.377670;-0.111706;,
  -0.107566;0.425439;-0.066924;,
  -0.105351;0.357034;-0.049534;,
  -0.102109;0.385552;-0.030296;,
  -0.111504;0.358461;-0.101183;,
  -0.102805;0.399838;-0.021860;,
  -0.136168;0.172752;-0.052150;,
  -0.064463;0.421666;-0.177939;,
  -0.055974;0.436967;-0.163821;,
  -0.030240;0.444802;-0.159016;,
  -0.022109;0.436634;-0.151056;,
  -0.174233;0.141420;-0.069842;,
  -0.139594;0.082733;-0.058469;,
  -0.162575;0.094804;-0.018454;,
  -0.148547;0.155667;-0.082591;,
  -0.138553;0.163032;-0.059856;,
  -0.138553;0.163032;-0.059856;,
  -0.141805;0.145588;-0.058454;,
  -0.159556;0.138370;-0.073898;,
  -0.159556;0.138370;-0.073898;,
  -0.130112;0.148577;-0.080047;,
  -0.127373;0.149078;-0.068717;,
  -0.132930;0.134745;-0.075361;,
  -0.132498;0.040743;0.174334;,
  -0.138857;0.036708;0.196565;,
  -0.117383;-0.010492;0.197381;,
  -0.114844;-0.004922;0.178359;,
  -0.049843;0.129132;0.153941;,
  -0.059825;0.090405;0.164595;,
  -0.058840;0.094342;0.189388;,
  -0.047950;0.141860;0.186769;,
  -0.066293;0.107842;0.103030;,
  -0.089362;0.142226;0.152635;,
  -0.089304;0.115439;0.098580;,
  -0.100167;0.112072;0.191036;,
  -0.104090;0.108587;0.156379;,
  -0.080905;0.153128;0.188215;,
  -0.095073;0.071256;0.129563;,
  -0.103279;0.103659;0.120668;,
  -0.085317;-0.004019;0.179642;,
  -0.081010;-0.012183;0.195327;,
  -0.081010;-0.012183;0.195327;,
  -0.138857;0.036708;0.196565;,
  -0.048669;0.061092;-0.023115;,
  -0.101194;-0.020277;-0.050910;,
  -0.076081;0.008579;0.006263;,
  -0.073946;0.041995;0.055396;,
  -0.069808;0.088887;0.128756;,
  -0.069808;0.088887;0.128756;,
  -0.075027;0.418224;-0.193110;,
  -0.055957;0.408360;-0.188298;,
  -0.057235;0.403731;-0.207166;,
  -0.066259;0.409447;-0.210621;,
  -0.067781;0.443301;-0.175886;,
  -0.060152;0.458688;-0.158928;,
  -0.050733;0.547951;-0.243174;,
  -0.031129;0.552706;-0.244385;,
  -0.063610;0.470510;-0.269360;,
  -0.046595;0.467884;-0.275387;,
  -0.060446;0.500053;-0.269565;,
  -0.072438;0.427810;-0.219625;,
  -0.080816;0.445703;-0.197384;,
  -0.073695;0.431607;-0.187820;,
  -0.082607;0.484136;-0.190783;,
  -0.083100;0.487313;-0.215109;,
  -0.078630;0.475562;-0.239283;,
  -0.074062;0.511121;-0.255892;,
  -0.082932;0.520839;-0.231254;,
  -0.080163;0.492458;-0.176392;,
  -0.069587;0.506328;-0.159245;,
  -0.030562;0.511110;-0.148761;,
  -0.063992;0.547534;-0.184206;,
  -0.031236;0.552887;-0.174913;,
  -0.078749;0.454136;-0.231773;,
  -0.062842;0.414780;-0.230092;,
  -0.064087;0.442792;-0.252598;,
  -0.047840;0.388120;-0.234229;,
  -0.056319;0.521197;-0.266699;,
  -0.070249;0.537876;-0.239863;,
  -0.065661;0.553623;-0.214933;,
  -0.078972;0.539290;-0.201545;,
  -0.048558;0.561026;-0.210384;,
  -0.031377;0.564135;-0.208773;,
  -0.029876;0.470939;-0.148906;,
  -0.078972;0.539290;-0.201545;,
  -0.065661;0.553623;-0.214933;,
  -0.092394;0.479183;-0.189343;,
  -0.085228;0.448033;-0.198772;,
  -0.085993;0.475850;-0.202148;,
  -0.089498;0.495083;-0.202634;,
  -0.085228;0.448033;-0.198772;,
  -0.092394;0.479183;-0.189343;,
  -0.089498;0.495083;-0.202634;,
  -0.083100;0.487313;-0.215109;,
  -0.083178;0.462151;-0.214590;,
  -0.080816;0.445703;-0.197384;,
  -0.064154;0.464111;-0.258988;,
  -0.083178;0.462151;-0.214590;,
  -0.064463;0.421666;-0.177939;,
  -0.066032;0.412953;-0.152095;,
  -0.089822;0.413176;-0.141856;,
  -0.067781;0.443301;-0.175886;,
  0.038457;0.199403;0.099285;,
  0.040440;0.165170;0.100187;,
  0.037162;0.143930;0.085098;,
  0.015253;0.141047;0.041312;,
  -0.048558;0.561026;-0.210384;,
  -0.031377;0.564135;-0.208773;,
  -0.048927;0.416883;-0.248202;,
  -0.041747;0.427540;-0.258774;,
  -0.041710;0.436873;-0.261246;,
  -0.044427;0.461946;-0.264006;,
  0.014778;0.326109;0.034928;,
  -0.089822;0.413176;-0.141856;,
  -0.117383;-0.010492;0.197381;,
  -0.040487;0.406874;-0.252233;,
  -0.048228;0.410642;-0.246134;,
  -0.040401;0.412497;-0.250110;,
  -0.040182;0.414938;-0.255826;,
  -0.107566;0.425439;-0.066924;,
  -0.096033;0.394596;-0.075541;,
  -0.105367;0.380411;-0.081301;,
  -0.111504;0.358461;-0.101183;,
  -0.080163;0.492458;-0.176392;,
  -0.082531;0.027782;-0.097890;,
  -0.083865;0.008856;-0.068829;,
  -0.042813;0.030813;-0.174574;,
  -0.043836;0.086753;-0.184847;,
  -0.077867;0.050299;-0.136434;,
  -0.042326;0.142837;-0.187805;,
  -0.039286;0.108665;-0.082794;,
  -0.024800;0.158707;-0.115762;,
  -0.011845;0.160687;-0.028192;,
  -0.009930;0.181546;-0.041149;,
  -0.014860;0.178823;-0.022193;,
  -0.048261;0.186318;0.004481;,
  -0.081141;-0.011666;-0.043518;,
  -0.042877;-0.017311;-0.168450;,
  -0.021468;0.115134;0.098313;,
  -0.089291;0.115435;0.098578;,
  -0.114657;0.096109;0.028527;,
  -0.040672;0.085885;0.033012;,
  -0.127926;0.071356;-0.040527;,
  -0.062170;0.062278;-0.036247;,
  -0.092509;-0.007681;-0.029770;,
  -0.138900;0.004595;-0.040418;,
  -0.141972;0.068425;0.033889;,
  -0.071975;0.029437;0.061487;,
  0.040440;0.165170;0.100187;,
  -0.017118;0.144693;0.111899;,
  -0.096033;0.394596;-0.075541;,
  -0.052066;0.165393;-0.003124;,
  -0.087677;0.088271;-0.048747;,
  -0.128497;-0.014999;-0.065135;,
  -0.125765;-0.001882;0.001112;,
  -0.110453;0.032688;0.064841;,
  -0.095073;0.071256;0.129563;,
  0.097067;0.150331;-0.031187;,
  0.100198;0.159509;-0.143242;,
  0.069446;0.148087;0.041593;,
  0.066070;0.203637;-0.220791;,
  0.081502;0.219672;-0.160211;,
  0.086902;0.158452;-0.118019;,
  0.078772;0.092255;-0.073225;,
  -0.086193;0.132939;0.083290;,
  0.033754;0.362884;-0.167382;,
  0.033754;0.362884;-0.167382;,
  -0.003443;0.385786;-0.161618;,
  -0.003443;0.385786;-0.161618;,
  -0.003443;0.385786;-0.161618;,
  -0.003443;0.385786;-0.161618;,
  -0.003443;0.385786;-0.161618;,
  -0.003443;0.385786;-0.161618;,
  0.046841;0.346167;-0.155491;,
  0.046841;0.346167;-0.155491;,
  0.050925;0.330251;-0.139652;,
  0.050925;0.330251;-0.139652;,
  0.050925;0.330251;-0.139652;,
  0.016830;0.302676;-0.114386;,
  0.016830;0.302676;-0.114386;,
  0.016830;0.302676;-0.114386;,
  0.016830;0.302676;-0.114386;,
  0.016830;0.302676;-0.114386;,
  0.060491;0.321626;-0.108013;,
  0.060491;0.321626;-0.108013;,
  0.060491;0.321626;-0.108013;,
  0.060491;0.321626;-0.108013;,
  0.060491;0.321626;-0.108013;,
  0.004980;0.427369;-0.157894;,
  0.004980;0.427369;-0.157894;,
  0.004980;0.427369;-0.157894;,
  0.004980;0.427369;-0.157894;,
  0.004980;0.427369;-0.157894;,
  0.004980;0.427369;-0.157894;,
  0.039665;0.414592;-0.158140;,
  0.039665;0.414592;-0.158140;,
  0.060145;0.426442;-0.137352;,
  0.060145;0.426442;-0.137352;,
  0.060145;0.426442;-0.137352;,
  0.062455;0.261856;0.050063;,
  0.062455;0.261856;0.050063;,
  0.062455;0.261856;0.050063;,
  0.062455;0.261856;0.050063;,
  0.062455;0.261856;0.050063;,
  0.084136;0.260126;0.016654;,
  0.084136;0.260126;0.016654;,
  0.084136;0.260126;0.016654;,
  0.084136;0.260126;0.016654;,
  0.084136;0.260126;0.016654;,
  0.057112;0.248931;-0.029998;,
  0.057112;0.248931;-0.029998;,
  0.057112;0.248931;-0.029998;,
  0.057112;0.248931;-0.029998;,
  0.057112;0.248931;-0.029998;,
  0.057112;0.248931;-0.029998;,
  0.020076;0.237614;-0.044523;,
  0.020076;0.237614;-0.044523;,
  0.020076;0.237614;-0.044523;,
  0.020076;0.237614;-0.044523;,
  0.020076;0.237614;-0.044523;,
  0.056642;0.203866;-0.028372;,
  0.056642;0.203866;-0.028372;,
  0.056642;0.203866;-0.028372;,
  0.056642;0.203866;-0.028372;,
  0.056642;0.203866;-0.028372;,
  0.056642;0.203866;-0.028372;,
  -0.036507;0.304496;-0.103565;,
  -0.036507;0.304496;-0.103565;,
  -0.036507;0.304496;-0.103565;,
  -0.036507;0.304496;-0.103565;,
  -0.036507;0.304496;-0.103565;,
  0.023517;0.259081;0.067862;,
  0.023517;0.259081;0.067862;,
  0.057035;0.365550;-0.012543;,
  0.057035;0.365550;-0.012543;,
  0.057035;0.365550;-0.012543;,
  0.057035;0.365550;-0.012543;,
  0.009589;0.375454;0.005823;,
  0.009589;0.375454;0.005823;,
  0.004966;0.409371;-0.023056;,
  0.004966;0.409371;-0.023056;,
  0.057531;0.398826;-0.042174;,
  0.057531;0.398826;-0.042174;,
  0.057531;0.398826;-0.042174;,
  0.057531;0.398826;-0.042174;,
  0.057531;0.398826;-0.042174;,
  0.047468;0.220776;-0.034431;,
  0.047468;0.220776;-0.034431;,
  0.047468;0.220776;-0.034431;,
  0.047468;0.220776;-0.034431;,
  0.047468;0.220776;-0.034431;,
  0.047468;0.220776;-0.034431;,
  0.088541;0.198012;-0.035613;,
  0.088541;0.198012;-0.035613;,
  0.088541;0.198012;-0.035613;,
  0.088541;0.198012;-0.035613;,
  0.088541;0.198012;-0.035613;,
  0.088541;0.198012;-0.035613;,
  0.045875;0.223343;-0.245980;,
  0.045875;0.223343;-0.245980;,
  0.045875;0.223343;-0.245980;,
  0.045875;0.223343;-0.245980;,
  0.045875;0.223343;-0.245980;,
  0.076833;0.214905;-0.233989;,
  0.076833;0.214905;-0.233989;,
  0.076833;0.214905;-0.233989;,
  0.076833;0.214905;-0.233989;,
  0.076833;0.214905;-0.233989;,
  0.027556;0.132736;-0.004540;,
  0.027556;0.132736;-0.004540;,
  0.027556;0.132736;-0.004540;,
  0.027556;0.132736;-0.004540;,
  0.027556;0.132736;-0.004540;,
  0.027556;0.132736;-0.004540;,
  0.027556;0.132736;-0.004540;,
  0.025895;0.196692;-0.220121;,
  0.025895;0.196692;-0.220121;,
  0.025895;0.196692;-0.220121;,
  0.025895;0.196692;-0.220121;,
  0.025895;0.196692;-0.220121;,
  0.020667;0.207067;-0.233480;,
  0.097067;0.150331;-0.031187;,
  0.097067;0.150331;-0.031187;,
  0.097067;0.150331;-0.031187;,
  0.097067;0.150331;-0.031187;,
  0.097067;0.150331;-0.031187;,
  0.066070;0.203637;-0.220791;,
  0.066070;0.203637;-0.220791;,
  0.066070;0.203637;-0.220791;,
  0.066070;0.203637;-0.220791;,
  0.066070;0.203637;-0.220791;,
  0.066070;0.203637;-0.220791;,
  0.071790;0.056207;-0.110959;,
  0.071790;0.056207;-0.110959;,
  0.090060;0.070187;-0.086105;,
  0.090060;0.070187;-0.086105;,
  0.090060;0.070187;-0.086105;,
  0.055221;0.085459;-0.071129;,
  0.055221;0.085459;-0.071129;,
  0.078772;0.092255;-0.073225;,
  0.078772;0.092255;-0.073225;,
  0.103212;0.154366;0.004261;,
  0.103212;0.154366;0.004261;,
  0.103212;0.154366;0.004261;,
  0.103212;0.154366;0.004261;,
  0.069446;0.148087;0.041593;,
  0.069446;0.148087;0.041593;,
  0.069446;0.148087;0.041593;,
  0.069446;0.148087;0.041593;,
  0.057795;0.320983;0.016109;,
  0.057795;0.320983;0.016109;,
  0.057795;0.320983;0.016109;,
  0.057795;0.320983;0.016109;,
  0.057795;0.320983;0.016109;,
  0.057795;0.320983;0.016109;,
  0.080947;0.348838;-0.032924;,
  0.080947;0.348838;-0.032924;,
  0.080947;0.348838;-0.032924;,
  0.080947;0.348838;-0.032924;,
  0.080947;0.348838;-0.032924;,
  0.085470;0.339826;-0.050774;,
  0.085470;0.339826;-0.050774;,
  0.085470;0.339826;-0.050774;,
  0.085470;0.339826;-0.050774;,
  0.085470;0.339826;-0.050774;,
  0.085470;0.339826;-0.050774;,
  0.061290;0.308237;-0.085479;,
  0.061290;0.308237;-0.085479;,
  0.061290;0.308237;-0.085479;,
  0.061290;0.308237;-0.085479;,
  0.061290;0.308237;-0.085479;,
  0.052613;0.279724;-0.047976;,
  0.052613;0.279724;-0.047976;,
  0.052613;0.279724;-0.047976;,
  0.052613;0.279724;-0.047976;,
  0.052613;0.279724;-0.047976;,
  0.052613;0.279724;-0.047976;,
  0.078112;0.304504;-0.013639;,
  0.078112;0.304504;-0.013639;,
  0.078112;0.304504;-0.013639;,
  0.078112;0.304504;-0.013639;,
  0.017597;0.287876;-0.096304;,
  0.017597;0.287876;-0.096304;,
  0.017597;0.287876;-0.096304;,
  0.017597;0.287876;-0.096304;,
  0.017597;0.287876;-0.096304;,
  0.021374;0.262889;-0.058373;,
  0.021374;0.262889;-0.058373;,
  0.021374;0.262889;-0.058373;,
  0.021374;0.262889;-0.058373;,
  0.021374;0.262889;-0.058373;,
  -0.037093;0.294895;-0.086665;,
  -0.037093;0.294895;-0.086665;,
  -0.037093;0.294895;-0.086665;,
  -0.037093;0.294895;-0.086665;,
  -0.037093;0.294895;-0.086665;,
  -0.037093;0.294895;-0.086665;,
  -0.037093;0.294895;-0.086665;,
  -0.024932;0.261222;-0.041687;,
  -0.024932;0.261222;-0.041687;,
  -0.024932;0.261222;-0.041687;,
  -0.024932;0.261222;-0.041687;,
  -0.024932;0.261222;-0.041687;,
  0.106710;0.259239;-0.150593;,
  0.106710;0.259239;-0.150593;,
  0.143330;0.276732;-0.177263;,
  0.143330;0.276732;-0.177263;,
  0.143330;0.276732;-0.177263;,
  0.143330;0.276732;-0.177263;,
  0.143330;0.276732;-0.177263;,
  0.134134;0.263426;-0.107841;,
  0.134134;0.263426;-0.107841;,
  0.134134;0.263426;-0.107841;,
  0.134134;0.263426;-0.107841;,
  0.134134;0.263426;-0.107841;,
  0.106710;0.259239;-0.150593;,
  0.170723;0.280712;-0.134409;,
  0.170723;0.280712;-0.134409;,
  0.170723;0.280712;-0.134409;,
  0.170723;0.280712;-0.134409;,
  0.170723;0.280712;-0.134409;,
  0.170723;0.280712;-0.134409;,
  0.105924;0.165628;-0.222012;,
  0.105924;0.165628;-0.222012;,
  0.125134;0.170050;-0.238115;,
  0.125134;0.170050;-0.238115;,
  0.125134;0.170050;-0.238115;,
  0.125134;0.170050;-0.238115;,
  0.125134;0.170050;-0.238115;,
  0.125134;0.170050;-0.238115;,
  0.137169;0.224556;-0.120059;,
  0.137169;0.224556;-0.120059;,
  0.137169;0.224556;-0.120059;,
  0.137169;0.224556;-0.120059;,
  0.137169;0.224556;-0.120059;,
  0.135007;0.149626;-0.200831;,
  0.135007;0.149626;-0.200831;,
  0.135007;0.149626;-0.200831;,
  0.135007;0.149626;-0.200831;,
  0.105924;0.165628;-0.222012;,
  0.105924;0.165628;-0.222012;,
  0.180418;0.246626;-0.150185;,
  0.180418;0.246626;-0.150185;,
  0.180418;0.246626;-0.150185;,
  0.180418;0.246626;-0.150185;,
  0.149242;0.153996;-0.213950;,
  0.149242;0.153996;-0.213950;,
  0.149242;0.153996;-0.213950;,
  0.149242;0.153996;-0.213950;,
  0.149242;0.153996;-0.213950;,
