xof 0303txt 0032
template XSkinMeshHeader {
 <3cf169ce-ff7c-44ab-93c0-f78f62d172e2>
 WORD nMaxSkinWeightsPerVertex;
 WORD nMaxSkinWeightsPerFace;
 WORD nBones;
}

template VertexDuplicationIndices {
 <b8d65549-d7c9-4995-89cf-53a9a8b031e3>
 DWORD nIndices;
 DWORD nOriginalVertices;
 array DWORD indices[nIndices];
}

template SkinWeights {
 <6f0d123b-bad2-4167-a0d0-80224f25fabb>
 STRING transformNodeName;
 DWORD nWeights;
 array DWORD vertexIndices[nWeights];
 array FLOAT weights[nWeights];
 Matrix4x4 matrixOffset;
}

template AnimTicksPerSecond {
 <9e415a43-7ba6-4a73-8743-b73d47e88476>
 DWORD AnimTicksPerSecond;
}

template VertexElement {
 <f752461c-1e23-48f6-b9f8-8350850f336f>
 DWORD Type;
 DWORD Method;
 DWORD Usage;
 DWORD UsageIndex;
}

template DeclData {
 <bf22e553-292c-4781-9fea-62bd554bdd93>
 DWORD nElements;
 array VertexElement Elements[nElements];
 DWORD nDWords;
 array DWORD data[nDWords];
}


AnimTicksPerSecond {
 4800;
}

Frame Dummy01 {
 

 FrameTransformMatrix {
  1.000000,0.000000,0.000000,0.000000,0.000000,-0.000000,-1.000000,0.000000,0.000000,1.000000,-0.000000,0.000000,0.000000,0.000000,0.000000,1.000000;;
 }

 Frame Bip01 {
  

  FrameTransformMatrix {
   0.484444,0.819615,-0.305852,0.000000,0.122471,0.282633,0.951378,0.000000,0.866207,-0.498347,0.036540,0.000000,0.000000,-0.031731,0.508268,1.000000;;
  }

  Frame Bip01_Pelvis {
   

   FrameTransformMatrix {
    -0.000000,1.000000,-0.000001,0.000000,0.087154,0.000001,0.996195,0.000000,0.996195,-0.000000,-0.087154,0.000000,0.000000,0.000000,0.000000,1.000000;;
   }

   Frame Bip01_Spine {
    

    FrameTransformMatrix {
     0.999211,-0.037787,0.012191,0.000000,0.038780,0.994676,-0.095479,0.000000,-0.008518,0.095877,0.995357,0.000000,0.051634,-0.000008,-0.000084,1.000000;;
    }

    Frame Bip01_Spine1 {
     

     FrameTransformMatrix {
      0.944325,-0.155507,0.289944,0.000000,0.115539,0.981865,0.150304,0.000000,-0.308059,-0.108435,0.945167,0.000000,0.106506,0.000009,-0.000080,1.000000;;
     }

     Frame Bip01_Neck {
      

      FrameTransformMatrix {
       0.900811,-0.205024,0.382759,0.000000,0.134471,0.969891,0.203048,0.000000,-0.412865,-0.131438,0.901259,0.000000,0.130516,0.000004,0.004628,1.000000;;
      }

      Frame Bip01_Head {
       

       FrameTransformMatrix {
        0.758600,0.009590,-0.651487,0.000000,0.088505,0.989107,0.117616,0.000000,0.645518,-0.146883,0.749488,0.000000,0.033674,0.000000,-0.000000,1.000000;;
       }

       Frame Bip01_HeadNub {
        

        FrameTransformMatrix {
         1.000000,0.000000,0.000000,0.000000,-0.000000,1.000000,0.000000,0.000000,-0.000000,0.000000,1.000000,0.000000,0.169824,0.000000,0.000000,1.000000;;
        }
       }
      }

      Frame Bip01_L_Clavicle {
       

       FrameTransformMatrix {
        -0.050667,0.998694,0.006518,0.000000,0.908204,0.048789,-0.415675,0.000000,-0.415450,-0.015141,-0.909490,0.000000,-0.026644,0.011066,0.003688,1.000000;;
       }

       Frame Bip01_L_UpperArm {
        

        FrameTransformMatrix {
         0.109608,0.288116,-0.951302,0.000000,0.894612,0.388512,0.220743,0.000000,0.433192,-0.875242,-0.215168,0.000000,0.087086,0.000000,0.000000,1.000000;;
        }

        Frame Bip01_L_Forearm {
         

         FrameTransformMatrix {
          0.823670,0.000000,-0.567070,0.000000,0.000000,1.000000,0.000000,0.000000,0.567070,0.000000,0.823669,0.000000,0.137062,0.000000,-0.000000,1.000000;;
         }

         Frame Bip01_L_Hand {
          

          FrameTransformMatrix {
           0.710800,0.561386,-0.423803,0.000000,0.028824,0.578758,0.814990,0.000000,0.702803,-0.591510,0.395200,0.000000,0.137062,0.000000,0.000000,1.000000;;
          }

          Frame Bip01_L_Finger0 {
           

           FrameTransformMatrix {
            0.046148,-0.447958,0.892863,0.000000,0.975512,0.212632,0.056259,0.000000,-0.215053,0.868402,0.446801,0.000000,0.057681,-0.023605,-0.000272,1.000000;;
           }

           Frame Bip01_L_Finger0Nub {
            

            FrameTransformMatrix {
             1.000000,-0.000000,0.000000,0.000000,0.000000,1.000000,-0.000000,0.000000,0.000000,-0.000000,1.000000,0.000000,0.029435,0.000000,0.000000,1.000000;;
            }
           }
          }

          Frame Bip01_L_Finger1 {
           

           FrameTransformMatrix {
            0.194726,-0.000781,0.980857,0.000000,0.000000,1.000000,0.000796,0.000000,-0.980857,-0.000155,0.194725,0.000000,0.084102,0.000000,-0.000000,1.000000;;
           }

           Frame Bip01_L_Finger1Nub {
            

            FrameTransformMatrix {
             1.000000,0.000000,0.000000,0.000000,0.000000,1.000000,0.000000,0.000000,0.000000,0.000000,1.000000,0.000000,0.047988,0.000000,0.000000,1.000000;;
            }
           }
          }
         }
        }
       }
      }

      Frame Bip01_R_Clavicle {
       

       FrameTransformMatrix {
        0.272298,-0.957013,0.099902,0.000000,-0.882496,-0.207012,0.422311,0.000000,-0.383476,-0.203157,-0.900929,0.000000,-0.020200,-0.019417,0.007819,1.000000;;
       }

       Frame Bip01_R_UpperArm {
        

        FrameTransformMatrix {
         0.689570,-0.251470,-0.679158,0.000000,-0.530233,0.463463,-0.709968,0.000000,0.493301,0.849685,0.186253,0.000000,0.087086,0.000000,0.000000,1.000000;;
        }

        Frame Bip01_R_Forearm {
         

         FrameTransformMatrix {
          0.811988,0.000000,-0.583674,0.000000,0.000000,1.000000,0.000000,0.000000,0.583674,-0.000000,0.811988,0.000000,0.137062,0.000000,-0.000000,1.000000;;
         }

         Frame Bip01_R_Hand {
          

          FrameTransformMatrix {
           0.710801,-0.561386,-0.423801,0.000000,-0.028823,0.578758,-0.814990,0.000000,0.702802,0.591511,0.395201,0.000000,0.137062,-0.000000,0.000000,1.000000;;
          }

          Frame Bip01_R_Finger0 {
           

           FrameTransformMatrix {
            0.046148,0.447958,0.892863,0.000000,-0.975512,0.212632,-0.056259,0.000000,-0.215053,-0.868402,0.446801,0.000000,0.057681,0.023605,-0.000272,1.000000;;
           }

           Frame Bip01_R_Finger0Nub {
            

            FrameTransformMatrix {
             -1.000000,-0.000000,-0.000000,0.000000,-0.000000,1.000000,0.000000,0.000000,0.000000,-0.000000,-1.000000,0.000000,0.029435,0.000000,0.000000,1.000000;;
            }
           }
          }

          Frame Bip01_R_Finger1 {
           

           FrameTransformMatrix {
            0.194725,0.000781,0.980857,0.000000,-0.000000,1.000000,-0.000796,0.000000,-0.980858,0.000155,0.194725,0.000000,0.084102,0.000000,0.000000,1.000000;;
           }

           Frame Bip01_R_Finger1Nub {
            

            FrameTransformMatrix {
             -1.000000,0.000000,0.000000,0.000000,0.000000,1.000000,-0.000000,0.000000,-0.000000,-0.000000,-1.000000,0.000000,0.047988,0.000000,0.000000,1.000000;;
            }
           }
          }
         }
        }
       }
      }
     }

     Frame Bip01_BackPack {
      

      FrameTransformMatrix {
       0.035097,-0.075887,-0.996499,0.000000,0.053820,0.995809,-0.073939,0.000000,0.997934,-0.051036,0.039035,0.000000,0.051182,0.000002,-0.091273,1.000000;;
      }

      Frame Bip01_BackPackNub {
       

       FrameTransformMatrix {
        0.000796,0.000003,1.000000,0.000000,0.000000,-1.000000,0.000003,0.000000,1.000000,-0.000000,-0.000796,0.000000,0.053240,0.000000,0.000000,1.000000;;
       }
      }
     }
    }

    Frame Bip01_L_Thigh {
     

     FrameTransformMatrix {
      -0.892393,0.063180,0.446815,0.000000,-0.126647,-0.985421,-0.113604,0.000000,0.433124,-0.157967,0.887384,0.000000,-0.053680,0.052929,0.005820,1.000000;;
     }

     Frame Bip01_L_Calf {
      

      FrameTransformMatrix {
       0.968940,0.000000,-0.247296,0.000000,0.000000,1.000000,-0.000000,0.000000,0.247296,0.000000,0.968940,0.000000,0.237500,-0.000000,0.000000,1.000000;;
      }

      Frame Bip01_L_Foot {
       

       FrameTransformMatrix {
        0.980387,0.161721,0.112636,0.000000,-0.179105,0.969583,0.166822,0.000000,-0.082231,-0.183724,0.979532,0.000000,0.206841,-0.000000,-0.000000,1.000000;;
       }

       Frame Bip01_L_Toe0 {
        

        FrameTransformMatrix {
         -0.000002,0.000000,1.000000,0.000000,-0.000000,1.000000,-0.000001,0.000000,-1.000000,-0.000000,-0.000002,0.000000,0.065373,-0.000000,0.066450,1.000000;;
        }

        Frame Bip01_L_Toe0Nub {
         

         FrameTransformMatrix {
          -1.000000,-0.000000,0.000000,0.000000,-0.000000,1.000000,0.000000,0.000000,-0.000000,0.000000,-1.000000,0.000000,0.006735,-0.000000,-0.000000,1.000000;;
         }
        }
       }
      }
     }
    }

    Frame Bip01_R_Thigh {
     

     FrameTransformMatrix {
      -0.851479,-0.128413,0.508423,0.000000,0.090742,-0.991008,-0.098331,0.000000,0.516478,-0.037591,0.855475,0.000000,-0.049506,-0.056934,-0.004770,1.000000;;
     }

     Frame Bip01_R_Calf {
      

      FrameTransformMatrix {
       0.916148,-0.000000,-0.400840,0.000000,0.000000,1.000000,-0.000000,0.000000,0.400840,0.000000,0.916148,0.000000,0.237500,0.000000,0.000000,1.000000;;
      }

      Frame Bip01_R_Foot {
       

       FrameTransformMatrix {
        0.991060,-0.048689,0.124211,0.000000,-0.044756,0.755738,0.653343,0.000000,-0.125682,-0.653061,0.746803,0.000000,0.206841,0.000000,-0.000000,1.000000;;
       }

       Frame Bip01_R_Toe0 {
        

        FrameTransformMatrix {
         -0.087158,-0.000000,0.996195,0.000000,0.000000,1.000000,0.000000,0.000000,-0.996195,0.000000,-0.087158,0.000000,0.065373,0.000000,0.066450,1.000000;;
        }

        Frame Bip01_R_Toe0Nub {
         

         FrameTransformMatrix {
          1.000000,0.000000,0.000000,0.000000,0.000000,1.000000,-0.000000,0.000000,0.000000,0.000000,1.000000,0.000000,0.006735,0.000000,-0.000000,1.000000;;
         }
        }
       }
      }
     }
    }
   }

   Frame Bip01_DressFront {
    

    FrameTransformMatrix {
     -0.830864,-0.008445,0.556411,0.000000,-0.032673,0.998900,-0.033627,0.000000,-0.555515,-0.046119,-0.830227,0.000000,-0.043921,0.001406,0.061063,1.000000;;
    }

    Frame Bip01_DressFront02 {
     

     FrameTransformMatrix {
      0.946511,0.081243,0.312276,0.000000,-0.077173,0.996694,-0.025393,0.000000,-0.313307,-0.000065,0.949652,0.000000,0.183366,0.000000,-0.000125,1.000000;;
     }

     Frame Bip01_DressFrontNub {
      

      FrameTransformMatrix {
       0.000796,0.000003,1.000000,0.000000,0.000000,-1.000000,0.000003,0.000000,1.000000,0.000000,-0.000796,0.000000,0.165302,-0.000000,0.000000,1.000000;;
      }
     }
    }
   }

   Frame Bip01_DressBack {
    

    FrameTransformMatrix {
     -0.830380,0.045218,0.555360,0.000000,-0.011734,0.995061,-0.098565,0.000000,-0.557075,-0.088363,-0.825748,0.000000,-0.047654,0.000012,-0.078304,1.000000;;
    }

    Frame Bip01_DressBack02 {
     

     FrameTransformMatrix {
      0.961427,0.000001,0.275061,0.000000,-0.000001,1.000000,-0.000000,0.000000,-0.275061,-0.000000,0.961427,0.000000,0.176189,-0.000000,-0.000105,1.000000;;
     }

     Frame Bip01_DressBackNub {
      

      FrameTransformMatrix {
       0.000796,0.000003,1.000000,0.000000,0.000000,-1.000000,0.000003,0.000000,1.000000,-0.000000,-0.000796,0.000000,0.136508,0.000000,0.000000,1.000000;;
      }
     }
    }
   }
  }

  Frame Bip01_Prop1 {
   

   FrameTransformMatrix {
    0.422404,-0.045727,-0.905253,0.000000,0.725946,-0.580963,0.368083,0.000000,-0.542750,-0.812645,-0.212206,0.000000,0.217616,0.301953,-0.287434,1.000000;;
   }
  }

  Frame Bip01_Prop2 {
   

   FrameTransformMatrix {
    -0.163643,-0.967062,0.194966,0.000000,0.985576,-0.168906,-0.010564,0.000000,0.043147,0.190425,0.980753,0.000000,0.299360,0.327389,-0.032270,1.000000;;
   }
  }
 }
}

Frame Translation_Data {
 

 FrameTransformMatrix {
  -0.000000,0.000000,-1.000000,0.000000,-1.000000,-0.000000,0.000000,0.000000,-0.000000,1.000000,0.000000,0.000000,0.000000,-0.000000,0.000000,1.000000;;
 }
}

Frame Body {
 

 FrameTransformMatrix {
  1.000000,0.000000,0.000000,0.000000,0.000000,1.000000,0.000000,0.000000,0.000000,0.000000,1.000000,0.000000,0.000000,0.000000,0.000000,1.000000;;
 }

 Mesh Body {
  617;
  0.098664;0.739140;-0.089892;,
  0.059303;0.757026;-0.094751;,
  0.067448;0.724731;-0.088288;,
  0.109876;0.722136;-0.076827;,
  0.113478;0.710880;-0.057050;,
  0.078051;0.690768;-0.081024;,
  0.090508;0.665965;-0.058221;,
  0.112639;0.687954;-0.022428;,
  0.049302;0.794885;-0.078202;,
  0.090002;0.780593;-0.063036;,
  0.086619;0.793155;-0.031254;,
  0.053491;0.798016;-0.037519;,
  0.065723;0.567969;0.086502;,
  0.017833;0.570583;0.091204;,
  0.021216;0.581247;0.083025;,
  0.061096;0.577721;0.078248;,
  0.080205;0.561448;0.028031;,
  0.081093;0.540956;0.056441;,
  0.067755;0.547203;-0.009069;,
  0.053875;0.497348;0.013767;,
  0.076643;0.510796;0.031451;,
  0.040884;0.685126;-0.097523;,
  0.043600;0.654632;-0.083064;,
  -0.020636;0.566039;0.074352;,
  -0.017497;0.578209;0.064715;,
  0.035159;0.688077;0.058457;,
  -0.013343;0.685105;0.039794;,
  -0.009748;0.725780;0.023991;,
  0.044485;0.732256;0.040394;,
  0.070367;0.470425;0.017253;,
  0.093617;0.376775;0.009601;,
  0.119429;0.376636;0.049466;,
  0.089604;0.471908;0.063718;,
  0.109633;0.282845;0.002262;,
  0.121175;0.282771;0.053918;,
  0.019511;0.465118;0.017164;,
  -0.012907;0.448053;0.100413;,
  0.021225;0.359740;0.089507;,
  0.040888;0.367335;0.016521;,
  0.057681;0.275511;0.071305;,
  0.069949;0.274561;0.030826;,
  0.064143;0.454330;0.117638;,
  0.097683;0.370627;0.110180;,
  0.095172;0.283373;0.085343;,
  0.125728;0.006965;0.097824;,
  0.089256;0.006945;0.071465;,
  0.068102;0.007520;0.115460;,
  0.097820;0.007494;0.133678;,
  0.108249;0.225827;0.031208;,
  0.113522;0.152686;0.041861;,
  0.130418;0.156775;0.078989;,
  0.127101;0.230756;0.069093;,
  0.122181;0.074722;0.055935;,
  0.128257;0.077156;0.090063;,
  0.063071;0.204142;0.040856;,
  0.043501;0.223287;0.089408;,
  0.058804;0.159277;0.092094;,
  0.077279;0.148187;0.055083;,
  0.088333;0.085906;0.096793;,
  0.097564;0.068214;0.069660;,
  0.109293;0.240116;0.114256;,
  0.116604;0.165930;0.113789;,
  0.109919;0.092908;0.106174;,
  0.080979;0.515149;0.071636;,
  0.020641;0.485976;-0.011717;,
  0.010715;0.457467;0.010075;,
  0.019511;0.465118;0.017164;,
  0.059780;0.526892;0.120588;,
  0.004554;0.532549;0.120355;,
  0.057158;0.472086;0.123932;,
  0.005550;0.478814;0.125812;,
  0.028839;0.636354;0.070239;,
  0.071062;0.682760;0.058201;,
  0.088935;0.681447;0.047464;,
  0.105936;0.662034;0.001296;,
  0.084789;0.615263;0.018644;,
  0.068735;0.630846;0.063639;,
  0.089939;0.642061;-0.040023;,
  0.077253;0.599709;-0.013784;,
  0.045680;0.638256;-0.068650;,
  0.035570;0.589583;-0.037616;,
  0.138479;0.778962;-0.099809;,
  0.090662;0.755435;-0.092351;,
  0.158659;0.763091;-0.143466;,
  0.105253;0.736492;-0.148968;,
  0.126145;0.717915;-0.192698;,
  0.169553;0.739369;-0.188698;,
  0.114887;0.701320;-0.078328;,
  0.129997;0.681119;-0.122757;,
  0.105253;0.736492;-0.148968;,
  0.146837;0.671202;-0.176006;,
  0.126145;0.717915;-0.192698;,
  0.125006;0.698930;-0.073821;,
  0.162776;0.723167;-0.074409;,
  0.183460;0.707794;-0.116940;,
  0.190150;0.692518;-0.172101;,
  0.155833;0.758226;-0.086964;,
  0.171003;0.748465;-0.207688;,
  0.120089;0.722893;-0.215054;,
  0.130818;0.731623;-0.274137;,
  0.162935;0.747848;-0.266882;,
  0.136354;0.729467;-0.318965;,
  0.158620;0.744204;-0.316494;,
  0.120089;0.722893;-0.215054;,
  0.147675;0.666164;-0.213742;,
  0.163186;0.684461;-0.272699;,
  0.130818;0.731623;-0.274137;,
  0.164378;0.703220;-0.320076;,
  0.136354;0.729467;-0.318965;,
  0.198357;0.691510;-0.206344;,
  0.187632;0.697190;-0.266832;,
  0.176471;0.711463;-0.318366;,
  0.147532;0.786417;-0.411248;,
  0.142473;0.775556;-0.392801;,
  0.184272;0.754545;-0.381398;,
  0.188784;0.765511;-0.399579;,
  0.124991;0.763982;-0.369649;,
  0.128199;0.769968;-0.378577;,
  0.126189;0.779976;-0.374470;,
  0.118212;0.772088;-0.364704;,
  0.174495;0.723951;-0.360485;,
  0.190114;0.754788;-0.374662;,
  0.146365;0.777127;-0.355373;,
  0.130812;0.746195;-0.352177;,
  0.190872;0.741328;-0.331138;,
  0.199894;0.769634;-0.365605;,
  0.145380;0.764397;-0.321126;,
  0.157811;0.790701;-0.346362;,
  0.118330;0.788648;-0.067297;,
  0.127328;0.773754;-0.091418;,
  0.090002;0.780593;-0.063036;,
  0.091891;0.767339;-0.086560;,
  0.085171;0.731278;0.038739;,
  0.066542;0.775737;-0.090858;,
  0.126741;0.749203;-0.095986;,
  0.098664;0.739140;-0.089892;,
  0.109876;0.722136;-0.076827;,
  0.124312;0.744422;-0.078426;,
  0.099925;0.761833;-0.001046;,
  0.053390;0.766029;0.009528;,
  0.104287;0.762927;-0.006369;,
  -0.002280;0.755831;-0.003708;,
  0.011228;0.784913;-0.054488;,
  0.086619;0.793155;-0.031254;,
  0.104287;0.762927;-0.006369;,
  0.106302;0.720618;-0.035030;,
  0.108432;0.753043;-0.010038;,
  0.090662;0.755435;-0.092351;,
  0.099021;0.712917;0.016719;,
  0.105439;0.692158;-0.010393;,
  0.113478;0.710880;-0.057050;,
  0.098159;0.723863;0.029309;,
  0.130812;0.746195;-0.352177;,
  0.054152;0.803622;-0.106473;,
  0.064871;0.789950;-0.121020;,
  0.020753;0.795220;-0.085164;,
  0.027607;0.808062;-0.102220;,
  0.157811;0.790701;-0.346362;,
  0.147532;0.786417;-0.411248;,
  0.188784;0.765511;-0.399579;,
  0.135983;0.755105;-0.355556;,
  0.126411;0.777777;-0.347470;,
  0.135983;0.755105;-0.355556;,
  0.142439;0.767469;-0.366614;,
  0.143199;0.789664;-0.356005;,
  0.143199;0.789664;-0.356005;,
  0.124991;0.763982;-0.369649;,
  0.118212;0.772088;-0.364704;,
  0.126189;0.779976;-0.374470;,
  0.171837;0.027548;0.035677;,
  0.164868;0.023986;-0.012819;,
  0.169680;0.005307;-0.018038;,
  0.180223;0.005823;0.032738;,
  0.070797;0.040778;0.104059;,
  0.068102;0.007520;0.115460;,
  0.089256;0.006945;0.071465;,
  0.089618;0.031864;0.068293;,
  0.088333;0.085906;0.096793;,
  0.109919;0.092908;0.106174;,
  0.106348;0.043792;0.125553;,
  0.125728;0.006965;0.097824;,
  0.097820;0.007494;0.133678;,
  0.128272;0.041873;0.095918;,
  0.122181;0.074722;0.055935;,
  0.128257;0.077156;0.090063;,
  0.134501;0.005465;-0.027657;,
  0.135986;0.021101;-0.018461;,
  0.180223;0.005823;0.032738;,
  0.134501;0.005465;-0.027657;,
  0.040888;0.367335;0.016521;,
  0.069949;0.274561;0.030826;,
  0.063071;0.204142;0.040856;,
  0.077279;0.148187;0.055083;,
  0.097564;0.068214;0.069660;,
  0.097564;0.068214;0.069660;,
  -0.011364;0.461103;0.057013;,
  0.076160;0.785272;-0.140029;,
  0.067319;0.775579;-0.157012;,
  0.058876;0.769306;-0.153087;,
  0.058387;0.775988;-0.132293;,
  0.067870;0.810089;-0.122900;,
  0.059876;0.825210;-0.105870;,
  0.040638;0.912023;-0.191001;,
  0.020711;0.915363;-0.191446;,
  0.020799;0.895420;-0.213659;,
  0.057894;0.835214;-0.216518;,
  0.052629;0.864451;-0.217042;,
  0.040873;0.831285;-0.221771;,
  0.079797;0.813008;-0.144970;,
  0.071797;0.794163;-0.166555;,
  0.074100;0.798623;-0.134894;,
  0.079120;0.851586;-0.139044;,
  0.078376;0.854342;-0.163414;,
  0.075152;0.887471;-0.180052;,
  0.065980;0.876701;-0.204136;,
  0.073752;0.841864;-0.187192;,
  0.065875;0.873382;-0.107324;,
  0.076690;0.859979;-0.124691;,
  0.027079;0.875595;-0.095256;,
  0.023691;0.916827;-0.122053;,
  0.056330;0.913625;-0.132654;,
  0.075708;0.820641;-0.179365;,
  0.061038;0.807911;-0.199367;,
  0.062726;0.780299;-0.176400;,
  0.049499;0.752577;-0.179481;,
  0.030027;0.745369;-0.186507;,
  0.030697;0.749850;-0.165857;,
  0.047131;0.885302;-0.214328;,
  0.060942;0.903411;-0.188372;,
  0.071126;0.906140;-0.150488;,
  0.056284;0.919251;-0.163514;,
  0.021625;0.927433;-0.156057;,
  0.038902;0.925513;-0.158353;,
  0.029248;0.835480;-0.094754;,
  0.071126;0.906140;-0.150488;,
  0.056284;0.919251;-0.163514;,
  0.082612;0.843352;-0.150415;,
  0.084067;0.815622;-0.146585;,
  0.089456;0.847372;-0.137954;,
  0.084899;0.862782;-0.151354;,
  0.089456;0.847372;-0.137954;,
  0.084067;0.815622;-0.146585;,
  0.084899;0.862782;-0.151354;,
  0.078376;0.854342;-0.163414;,
  0.080265;0.829262;-0.162512;,
  0.079797;0.813008;-0.144970;,
  0.059322;0.829061;-0.206082;,
  0.080265;0.829262;-0.162512;,
  0.066542;0.775737;-0.090858;,
  0.064871;0.789950;-0.121020;,
  0.091891;0.767339;-0.086560;,
  0.067870;0.810089;-0.122900;,
  0.038557;0.733792;-0.111767;,
  0.039024;0.711556;-0.103262;,
  0.030073;0.542983;-0.030618;,
  -0.033713;0.529562;0.103039;,
  -0.036660;0.496121;0.110082;,
  -0.035404;0.473726;0.109491;,
  0.033432;0.749642;-0.142326;,
  -0.011364;0.461103;0.057013;,
  0.038902;0.925513;-0.158353;,
  0.021625;0.927433;-0.156057;,
  0.047956;0.781084;-0.193929;,
  0.038799;0.800273;-0.206958;,
  0.039602;0.791012;-0.204347;,
  0.021086;0.882741;-0.222554;,
  0.022142;0.858042;-0.228578;,
  0.039608;0.825419;-0.210218;,
  -0.014347;0.632446;0.051156;,
  0.091891;0.767339;-0.086560;,
  0.169680;0.005307;-0.018038;,
  0.047789;0.774848;-0.191737;,
  0.040089;0.770433;-0.197440;,
  0.039691;0.776073;-0.195402;,
  0.025998;0.793287;-0.219729;,
  0.026790;0.787916;-0.208274;,
  0.039062;0.778387;-0.201141;,
  0.028015;0.775584;-0.195471;,
  0.028294;0.767418;-0.199053;,
  0.023853;0.827356;-0.227025;,
  0.024556;0.819543;-0.220554;,
  0.108432;0.753043;-0.010038;,
  0.027566;0.776754;-0.204229;,
  0.096815;0.730047;-0.024603;,
  0.106302;0.720618;-0.035030;,
  0.113478;0.710880;-0.057050;,
  0.076690;0.859979;-0.124691;,
  0.108249;0.225827;0.031208;,
  0.066094;0.222318;-0.013670;,
  0.079265;0.146994;0.001685;,
  0.113522;0.152686;0.041861;,
  0.109633;0.282845;0.002262;,
  0.068412;0.276604;-0.023568;,
  0.093617;0.376775;0.009601;,
  0.042786;0.366552;-0.014313;,
  0.070367;0.470425;0.017253;,
  0.028386;0.453868;-0.007410;,
  0.053875;0.497348;0.013767;,
  0.085711;0.074740;0.007755;,
  0.122181;0.074722;0.055935;,
  0.051253;0.156162;0.116893;,
  0.060502;0.087085;0.125835;,
  -0.010425;0.103697;0.097023;,
  -0.010705;0.176977;0.091316;,
  -0.006360;0.243373;0.078179;,
  0.042652;0.223119;0.104018;,
  -0.007952;0.309301;0.074441;,
  0.040417;0.272556;0.097064;,
  0.014999;0.358545;0.103058;,
  -0.021399;0.385599;0.093440;,
  -0.038417;0.469782;0.115174;,
  0.096815;0.730047;-0.024603;,
  -0.026930;0.724493;-0.128331;,
  -0.038593;0.704125;-0.123296;,
  0.005216;0.715624;-0.110057;,
  0.006693;0.749387;-0.112577;,
  -0.044144;0.686984;-0.113051;,
  -0.054130;0.665575;-0.088379;,
  -0.008851;0.652632;-0.097514;,
  0.001526;0.679570;-0.107793;,
  -0.005184;0.787005;-0.096364;,
  -0.034143;0.785192;-0.068174;,
  -0.061342;0.773173;-0.080737;,
  -0.040464;0.766328;-0.101905;,
  -0.085161;0.566344;0.015653;,
  -0.076321;0.574200;0.011053;,
  -0.055802;0.579273;0.045364;,
  -0.058245;0.569764;0.055481;,
  -0.047708;0.558170;-0.034517;,
  -0.071370;0.539314;-0.015150;,
  -0.010205;0.545205;-0.047190;,
  -0.049143;0.509584;-0.027375;,
  -0.020388;0.496548;-0.021103;,
  -0.017497;0.578209;0.064715;,
  -0.020636;0.566039;0.074352;,
  -0.058609;0.676999;0.015718;,
  -0.060362;0.718186;-0.001070;,
  -0.009748;0.725780;0.023991;,
  -0.013343;0.685105;0.039794;,
  -0.031367;0.472882;-0.033154;,
  -0.078199;0.468080;-0.016659;,
  -0.072564;0.372724;-0.051638;,
  -0.026279;0.380102;-0.059302;,
  -0.062943;0.279367;-0.053383;,
  -0.017666;0.284026;-0.079677;,
  0.004602;0.471898;0.003731;,
  0.005325;0.373763;-0.015962;,
  -0.033596;0.357968;0.047340;,
  -0.035506;0.447253;0.083789;,
  -0.010643;0.277913;-0.031309;,
  -0.031860;0.277366;0.004810;,
  -0.101385;0.360290;0.005019;,
  -0.099182;0.447355;0.037468;,
  -0.068278;0.280442;-0.013321;,
  -0.079457;0.006311;-0.018856;,
  -0.119049;0.008553;0.003326;,
  -0.105446;0.010326;0.035371;,
  -0.058806;0.008430;0.021070;,
  -0.033054;0.224452;-0.053582;,
  -0.073868;0.227496;-0.041748;,
  -0.077531;0.153918;-0.029306;,
  -0.038668;0.151458;-0.042121;,
  -0.075977;0.075700;-0.016151;,
  -0.044296;0.073635;-0.024904;,
  -0.007629;0.209142;-0.012066;,
  -0.023275;0.152053;-0.006465;,
  -0.038526;0.166152;0.030989;,
  -0.031172;0.231571;0.033204;,
  -0.055161;0.069092;0.009538;,
  -0.065603;0.088809;0.019620;,
  -0.094193;0.165440;0.003486;,
  -0.095374;0.239935;0.000997;,
  -0.082768;0.093503;0.004555;,
  -0.082532;0.513389;-0.005143;,
  0.004602;0.471898;0.003731;,
  -0.071524;0.531730;0.084632;,
  -0.106867;0.525098;0.042337;,
  -0.071890;0.476265;0.087343;,
  -0.103098;0.467127;0.046983;,
  -0.055560;0.628206;0.028264;,
  -0.079757;0.664941;-0.010541;,
  -0.082573;0.661183;-0.030708;,
  -0.072529;0.617209;-0.006617;,
  -0.042933;0.602933;-0.044877;,
  -0.053910;0.643148;-0.071561;,
  -0.009695;0.591315;-0.057027;,
  -0.008048;0.630485;-0.084684;,
  -0.072315;0.762180;-0.153975;,
  -0.096901;0.752804;-0.197249;,
  -0.033685;0.725418;-0.146764;,
  -0.115022;0.733114;-0.241868;,
  -0.080117;0.699579;-0.246047;,
  -0.054034;0.711344;-0.203023;,
  -0.072867;0.681188;-0.131919;,
  -0.054034;0.711344;-0.203023;,
  -0.093929;0.666154;-0.175972;,
  -0.080117;0.699579;-0.246047;,
  -0.113738;0.661340;-0.229171;,
  -0.083177;0.681982;-0.127282;,
  -0.136825;0.707707;-0.169884;,
  -0.111921;0.716448;-0.127735;,
  -0.148596;0.694715;-0.225091;,
  -0.094928;0.747709;-0.140732;,
  -0.113547;0.742389;-0.260521;,
  -0.105910;0.739744;-0.319717;,
  -0.080164;0.714635;-0.327073;,
  -0.072698;0.702702;-0.268049;,
  -0.102784;0.735283;-0.369350;,
  -0.085993;0.714534;-0.371915;,
  -0.072698;0.702702;-0.268049;,
  -0.080164;0.714635;-0.327073;,
  -0.125249;0.679421;-0.325959;,
  -0.116115;0.656916;-0.267097;,
  -0.085993;0.714534;-0.371915;,
  -0.120625;0.697967;-0.373208;,
  -0.144732;0.698892;-0.320012;,
  -0.156808;0.696321;-0.259536;,
  -0.129673;0.709461;-0.371446;,
  -0.079274;0.772790;-0.463815;,
  -0.124937;0.765222;-0.452295;,
  -0.123982;0.753291;-0.434188;,
  -0.077767;0.760791;-0.445441;,
  -0.064640;0.744338;-0.422366;,
  -0.055743;0.749990;-0.417364;,
  -0.060948;0.759979;-0.427079;,
  -0.065874;0.751069;-0.431254;,
  -0.123931;0.721040;-0.413479;,
  -0.075592;0.729023;-0.405013;,
  -0.081087;0.763225;-0.408004;,
  -0.129494;0.755241;-0.427452;,
  -0.134363;0.772287;-0.418296;,
  -0.134372;0.742360;-0.384019;,
  -0.084063;0.750573;-0.373844;,
  -0.087928;0.779561;-0.398904;,
  -0.065394;0.771020;-0.118074;,
  -0.058911;0.755896;-0.142827;,
  -0.029004;0.753780;-0.122795;,
  -0.040464;0.766328;-0.101905;,
  -0.087396;0.708120;-0.029505;,
  -0.006177;0.765248;-0.114826;,
  -0.051278;0.732038;-0.145245;,
  -0.055522;0.723425;-0.132277;,
  -0.038593;0.704125;-0.123296;,
  -0.026930;0.724493;-0.128331;,
  -0.084660;0.735667;-0.064302;,
  -0.085387;0.736417;-0.070880;,
  -0.054660;0.750218;-0.028268;,
  -0.002280;0.755831;-0.003708;,
  0.011228;0.784913;-0.054488;,
  -0.061342;0.773173;-0.080737;,
  -0.085387;0.736417;-0.070880;,
  -0.056572;0.697723;-0.090347;,
  -0.033685;0.725418;-0.146764;,
  -0.083277;0.726768;-0.074313;,
  -0.058323;0.670183;-0.075155;,
  -0.077482;0.689232;-0.053081;,
  -0.044144;0.686984;-0.113051;,
  -0.088189;0.698856;-0.044385;,
  -0.075592;0.729023;-0.405013;,
  -0.005035;0.783689;-0.123052;,
  0.002435;0.798989;-0.107976;,
  0.027607;0.808062;-0.102220;,
  0.020753;0.795220;-0.085164;,
  -0.087928;0.779561;-0.398904;,
  -0.079274;0.772790;-0.463815;,
  -0.124937;0.765222;-0.452295;,
  -0.061883;0.757778;-0.400095;,
  -0.077827;0.739100;-0.408335;,
  -0.077827;0.739100;-0.408335;,
  -0.080231;0.752905;-0.419311;,
  -0.074286;0.774228;-0.408552;,
  -0.074286;0.774228;-0.408552;,
  -0.055743;0.749990;-0.417364;,
  -0.064640;0.744338;-0.422366;,
  -0.060948;0.759979;-0.427079;,
  -0.010945;0.024023;-0.056332;,
  -0.007016;0.001833;-0.062895;,
  0.041624;0.001877;-0.044901;,
  0.035939;0.020816;-0.042026;,
  -0.093432;0.043348;0.032453;,
  -0.055361;0.033278;0.019721;,
  -0.058806;0.008430;0.021070;,
  -0.105446;0.010326;0.035371;,
  -0.065603;0.088809;0.019620;,
  -0.109377;0.044266;-0.006016;,
  -0.082768;0.093503;0.004555;,
  -0.079457;0.006311;-0.018856;,
  -0.076837;0.041003;-0.023134;,
  -0.119049;0.008553;0.003326;,
  -0.044296;0.073635;-0.024904;,
  -0.075977;0.075700;-0.016151;,
  0.037202;0.019650;-0.012507;,
  0.045914;0.004119;-0.008754;,
  0.045914;0.004119;-0.008754;,
  -0.007016;0.001833;-0.062895;,
  0.005325;0.373763;-0.015962;,
  -0.010643;0.277913;-0.031309;,
  -0.007629;0.209142;-0.012066;,
  -0.023275;0.152053;-0.006465;,
  -0.055161;0.069092;0.009538;,
  -0.055161;0.069092;0.009538;,
  -0.015839;0.780348;-0.135975;,
  0.004236;0.771138;-0.133867;,
  0.001835;0.766253;-0.150573;,
  -0.007539;0.771573;-0.153713;,
  -0.008768;0.805987;-0.119522;,
  -0.000968;0.821954;-0.103189;,
  0.001370;0.909922;-0.189270;,
  0.020711;0.915363;-0.191446;,
  -0.009777;0.831592;-0.213535;,
  0.007038;0.829474;-0.220280;,
  -0.007724;0.861221;-0.214382;,
  -0.014791;0.789529;-0.162738;,
  -0.022829;0.807516;-0.140446;,
  -0.014770;0.793867;-0.130977;,
  -0.025748;0.845974;-0.134422;,
  -0.027442;0.848679;-0.158751;,
  -0.023620;0.836653;-0.182901;,
  -0.021119;0.872040;-0.200297;,
  -0.029238;0.881884;-0.175451;,
  -0.022976;0.854645;-0.120298;,
  -0.012169;0.869205;-0.103884;,
  0.027079;0.875595;-0.095256;,
  -0.009224;0.910117;-0.129765;,
  0.023691;0.916827;-0.122053;,
  -0.022610;0.815379;-0.175031;,
  -0.005193;0.776664;-0.173407;,
  -0.008479;0.804191;-0.196303;,
  0.010589;0.750494;-0.177766;,
  -0.004261;0.882551;-0.212063;,
  -0.017592;0.899208;-0.184911;,
  -0.012485;0.915571;-0.160483;,
  -0.024646;0.901014;-0.146267;,
  0.004516;0.923673;-0.156837;,
  0.021625;0.927433;-0.156057;,
  0.029248;0.835480;-0.094754;,
  -0.024646;0.901014;-0.146267;,
  -0.012485;0.915571;-0.160483;,
  -0.035271;0.840697;-0.132457;,
  -0.027381;0.809658;-0.141673;,
  -0.029327;0.837361;-0.145481;,
  -0.033562;0.856442;-0.146132;,
  -0.027381;0.809658;-0.141673;,
  -0.035271;0.840697;-0.132457;,
  -0.033562;0.856442;-0.146132;,
  -0.027442;0.848679;-0.158751;,
  -0.026563;0.823545;-0.157804;,
  -0.022829;0.807516;-0.140446;,
  -0.009621;0.825372;-0.203043;,
  -0.026563;0.823545;-0.157804;,
  -0.005035;0.783689;-0.123052;,
  -0.006177;0.765248;-0.114826;,
  -0.029004;0.753780;-0.122795;,
  -0.008768;0.805987;-0.119522;,
  -0.033713;0.529562;0.103039;,
  -0.036660;0.496121;0.110082;,
  -0.035404;0.473726;0.109491;,
  -0.011364;0.461103;0.057013;,
  0.004516;0.923673;-0.156837;,
  0.021625;0.927433;-0.156057;,
  0.007814;0.778936;-0.192160;,
  0.014116;0.789648;-0.203224;,
  0.013695;0.798929;-0.205852;,
  0.009929;0.823831;-0.208910;,
  -0.014347;0.632446;0.051156;,
  -0.029004;0.753780;-0.122795;,
  0.041624;0.001877;-0.044901;,
  0.016432;0.769167;-0.196398;,
  0.008835;0.772763;-0.190020;,
  0.016403;0.774827;-0.194376;,
  0.016277;0.777168;-0.200136;,
  -0.083277;0.726768;-0.074313;,
  -0.057674;0.707488;-0.078087;,
  -0.056572;0.697723;-0.090347;,
  -0.044144;0.686984;-0.113051;,
  -0.022976;0.854645;-0.120298;,
  0.014919;0.221553;-0.050573;,
  0.005028;0.145014;-0.044027;,
  0.041217;0.144601;-0.026820;,
  0.038432;0.222202;-0.032778;,
  0.015524;0.281982;-0.063674;,
  0.040095;0.277916;-0.043712;,
  0.016189;0.372578;-0.036080;,
  0.029029;0.363545;-0.024721;,
  0.013830;0.459973;-0.018152;,
  0.020545;0.447839;-0.010450;,
  0.020641;0.485976;-0.011717;,
  -0.020388;0.496548;-0.021103;,
  0.003051;0.072647;-0.039229;,
  0.045296;0.078266;-0.025238;,
  -0.051050;0.089866;0.064623;,
  -0.082759;0.093504;0.004565;,
  -0.094193;0.165440;0.003486;,
  -0.047666;0.164386;0.054102;,
  -0.095374;0.239935;0.000997;,
  -0.045116;0.229481;0.043298;,
  -0.040329;0.275681;0.038227;,
  -0.068278;0.280442;-0.013321;,
  -0.101385;0.360290;0.005019;,
  -0.040035;0.354114;0.063152;,
  -0.036660;0.496121;0.110082;,
  -0.071890;0.476265;0.087343;,
  -0.057674;0.707488;-0.078087;,
  -0.031367;0.472882;-0.033154;,
  -0.026279;0.380102;-0.059302;,
  -0.017666;0.284026;-0.079677;,
  -0.033054;0.224452;-0.053582;,
  -0.038668;0.151458;-0.042121;,
  -0.044296;0.073635;-0.024904;,
  0.064143;0.454330;0.117638;,
  0.097683;0.370627;0.110180;,
  0.005550;0.478814;0.125812;,
  0.095172;0.283373;0.085343;,
  0.109293;0.240116;0.114256;,
  0.116604;0.165930;0.113789;,
  0.109919;0.092908;0.106174;,
  -0.099182;0.447355;0.037468;;
  916;
  3;0,2,1;,
  3;2,0,3;,
  3;4,6,5;,
  3;6,4,7;,
  3;8,10,9;,
  3;10,8,11;,
  3;12,14,13;,
  3;14,12,15;,
  3;16,12,17;,
  3;12,16,15;,
  3;18,20,19;,
  3;20,18,16;,
  3;5,22,21;,
  3;22,5,6;,
  3;13,24,23;,
  3;24,13,14;,
  3;25,27,26;,
  3;27,25,28;,
  3;29,31,30;,
  3;31,29,32;,
  3;31,33,30;,
  3;33,31,34;,
  3;35,37,36;,
  3;37,35,38;,
  3;38,39,37;,
  3;39,38,40;,
  3;36,42,41;,
  3;42,36,37;,
  3;37,43,42;,
  3;43,37,39;,
  3;41,31,32;,
  3;31,41,42;,
  3;42,34,31;,
  3;34,42,43;,
  3;44,46,45;,
  3;46,44,47;,
  3;48,50,49;,
  3;50,48,51;,
  3;49,53,52;,
  3;53,49,50;,
  3;54,56,55;,
  3;56,54,57;,
  3;57,58,56;,
  3;58,57,59;,
  3;55,61,60;,
  3;61,55,56;,
  3;56,62,61;,
  3;62,56,58;,
  3;60,50,51;,
  3;50,60,61;,
  3;61,53,50;,
  3;53,61,62;,
  3;32,20,63;,
  3;20,32,29;,
  3;64,66,65;,
  3;66,64,19;,
  3;13,67,12;,
  3;67,13,68;,
  3;68,69,67;,
  3;69,68,70;,
  3;70,41,69;,
  3;41,70,36;,
  3;48,34,51;,
  3;34,48,33;,
  3;51,43,60;,
  3;43,51,34;,
  3;43,55,60;,
  3;55,43,39;,
  3;39,54,55;,
  3;54,39,40;,
  3;12,63,17;,
  3;63,12,67;,
  3;67,32,63;,
  3;32,67,69;,
  3;69,41,32;,
  3;71,72,25;,
  3;73,75,74;,
  3;75,73,76;,
  3;75,77,74;,
  3;77,75,78;,
  3;79,78,80;,
  3;78,79,77;,
  3;81,83,82;,
  3;83,85,84;,
  3;85,83,86;,
  3;87,89,88;,
  3;89,90,88;,
  3;90,89,91;,
  3;92,94,93;,
  3;92,88,94;,
  3;92,87,88;,
  3;88,95,94;,
  3;95,88,90;,
  3;96,94,83;,
  3;94,86,83;,
  3;86,94,95;,
  3;97,99,98;,
  3;99,97,100;,
  3;100,101,99;,
  3;101,100,102;,
  3;103,105,104;,
  3;105,103,106;,
  3;106,107,105;,
  3;107,106,108;,
  3;104,110,109;,
  3;110,104,105;,
  3;105,111,110;,
  3;111,105,107;,
  3;109,100,97;,
  3;100,109,110;,
  3;110,102,100;,
  3;102,110,111;,
  3;112,114,113;,
  3;114,112,115;,
  3;116,118,117;,
  3;118,116,119;,
  3;120,122,121;,
  3;122,120,123;,
  3;120,125,124;,
  3;125,120,121;,
  3;126,125,127;,
  3;125,126,124;,
  3;95,97,86;,
  3;97,95,109;,
  3;86,98,85;,
  3;98,86,97;,
  3;90,103,104;,
  3;103,90,91;,
  3;104,95,90;,
  3;95,104,109;,
  3;128,96,129;,
  3;96,128,93;,
  3;129,130,128;,
  3;130,129,131;,
  3;72,28,25;,
  3;28,72,132;,
  3;9,133,8;,
  3;134,136,135;,
  3;136,134,137;,
  3;81,137,134;,
  3;138,11,139;,
  3;138,10,11;,
  3;138,140,10;,
  3;141,11,142;,
  3;11,141,139;,
  3;128,130,143;,
  3;93,144,92;,
  3;93,143,144;,
  3;93,128,143;,
  3;145,87,146;,
  3;87,145,147;,
  3;74,148,73;,
  3;148,74,149;,
  3;150,147,145;,
  3;7,149,74;,
  3;148,151,73;,
  3;102,152,101;,
  3;152,102,126;,
  3;102,124,126;,
  3;124,102,111;,
  3;111,120,124;,
  3;120,111,107;,
  3;120,108,123;,
  3;108,120,107;,
  3;8,154,153;,
  3;154,8,133;,
  3;153,155,8;,
  3;155,153,156;,
  3;121,113,114;,
  3;113,121,122;,
  3;122,112,113;,
  3;112,122,157;,
  3;158,125,159;,
  3;125,158,127;,
  3;159,121,114;,
  3;121,159,125;,
  3;126,160,152;,
  3;160,126,161;,
  3;162,122,123;,
  3;122,162,163;,
  3;122,164,157;,
  3;164,122,163;,
  3;165,126,127;,
  3;126,165,161;,
  3;161,166,160;,
  3;166,161,167;,
  3;162,117,163;,
  3;117,162,116;,
  3;163,118,164;,
  3;118,163,117;,
  3;165,167,161;,
  3;167,165,168;,
  3;169,171,170;,
  3;171,169,172;,
  3;173,175,174;,
  3;175,173,176;,
  3;177,179,178;,
  3;179,177,173;,
  3;180,179,181;,
  3;179,180,182;,
  3;183,169,170;,
  3;169,183,184;,
  3;175,186,185;,
  3;186,175,176;,
  3;45,187,44;,
  3;187,45,188;,
  3;180,169,182;,
  3;169,180,172;,
  3;19,29,66;,
  3;20,29,19;,
  3;29,30,189;,
  3;30,190,189;,
  3;190,30,33;,
  3;33,191,190;,
  3;191,33,48;,
  3;191,49,192;,
  3;49,191,48;,
  3;192,52,193;,
  3;52,192,49;,
  3;194,170,186;,
  3;170,194,183;,
  3;170,185,186;,
  3;185,170,171;,
  3;186,176,194;,
  3;194,173,177;,
  3;173,194,176;,
  3;179,174,181;,
  3;174,179,173;,
  3;178,182,184;,
  3;182,178,179;,
  3;182,169,184;,
  3;16,17,20;,
  3;17,63,20;,
  3;66,195,65;,
  3;196,198,197;,
  3;198,196,199;,
  3;200,153,154;,
  3;153,200,201;,
  3;202,204,203;,
  3;205,207,206;,
  3;196,209,208;,
  3;209,196,197;,
  3;210,208,211;,
  3;208,210,196;,
  3;212,214,213;,
  3;214,212,215;,
  3;212,213,211;,
  3;201,217,216;,
  3;217,201,200;,
  3;218,220,219;,
  3;220,218,216;,
  3;210,199,196;,
  3;214,205,206;,
  3;221,223,222;,
  3;197,198,224;,
  3;224,226,225;,
  3;226,224,198;,
  3;227,214,206;,
  3;228,229,213;,
  3;229,228,230;,
  3;219,232,231;,
  3;214,228,213;,
  3;156,201,233;,
  3;201,156,153;,
  3;233,216,218;,
  3;216,233,201;,
  3;220,216,234;,
  3;235,220,234;,
  3;236,238,237;,
  3;238,236,239;,
  3;208,240,211;,
  3;240,208,241;,
  3;211,242,212;,
  3;242,211,240;,
  3;243,236,244;,
  3;236,243,239;,
  3;244,237,245;,
  3;237,244,236;,
  3;246,221,222;,
  3;221,246,215;,
  3;221,212,247;,
  3;212,221,215;,
  3;199,248,1;,
  3;248,199,249;,
  3;133,9,250;,
  3;249,210,251;,
  3;210,249,199;,
  3;210,211,251;,
  3;252,2,253;,
  3;2,252,1;,
  3;19,254,18;,
  3;254,19,64;,
  3;23,68,13;,
  3;68,23,255;,
  3;68,256,70;,
  3;256,68,255;,
  3;256,36,70;,
  3;36,256,257;,
  3;258,1,252;,
  3;1,258,199;,
  3;257,259,36;,
  3;36,259,35;,
  3;260,203,261;,
  3;203,260,202;,
  3;262,263,222;,
  3;263,262,264;,
  3;198,258,226;,
  3;258,198,199;,
  3;265,204,227;,
  3;265,206,266;,
  3;206,265,227;,
  3;222,267,246;,
  3;267,222,263;,
  3;89,87,147;,
  3;82,83,84;,
  3;78,16,18;,
  3;16,78,75;,
  3;75,15,16;,
  3;15,75,76;,
  3;15,71,14;,
  3;71,15,76;,
  3;14,268,24;,
  3;268,14,71;,
  3;248,269,1;,
  3;1,269,0;,
  3;135,129,134;,
  3;129,135,131;,
  3;134,96,81;,
  3;96,134,129;,
  3;96,83,81;,
  3;94,96,93;,
  3;29,189,66;,
  3;205,215,246;,
  3;267,205,246;,
  3;205,267,207;,
  3;205,214,215;,
  3;187,188,270;,
  3;224,272,271;,
  3;223,221,209;,
  3;224,223,197;,
  3;271,273,262;,
  3;273,271,272;,
  3;263,275,274;,
  3;273,276,262;,
  3;277,272,278;,
  3;272,277,273;,
  3;223,271,262;,
  3;271,223,224;,
  3;223,209,197;,
  3;208,221,247;,
  3;221,208,209;,
  3;222,223,262;,
  3;266,207,279;,
  3;207,266,206;,
  3;207,280,279;,
  3;280,207,267;,
  3;280,263,274;,
  3;263,280,267;,
  3;264,262,276;,
  3;76,73,72;,
  3;138,281,140;,
  3;73,132,72;,
  3;132,73,151;,
  3;72,71,76;,
  3;272,225,278;,
  3;155,11,8;,
  3;276,277,282;,
  3;277,276,273;,
  3;275,276,282;,
  3;276,275,264;,
  3;28,141,27;,
  3;141,28,139;,
  3;139,132,138;,
  3;132,139,28;,
  3;132,281,138;,
  3;281,132,151;,
  3;281,148,283;,
  3;148,281,151;,
  3;283,149,284;,
  3;149,283,148;,
  3;7,284,149;,
  3;284,7,4;,
  3;6,79,22;,
  3;79,6,77;,
  3;77,7,74;,
  3;7,77,6;,
  3;5,3,4;,
  3;3,5,2;,
  3;285,137,82;,
  3;137,285,136;,
  3;137,81,82;,
  3;92,146,87;,
  3;146,92,144;,
  3;2,21,253;,
  3;21,2,5;,
  3;286,213,229;,
  3;251,211,286;,
  3;213,286,211;,
  3;234,216,217;,
  3;227,202,228;,
  3;202,230,228;,
  3;230,202,260;,
  3;232,220,235;,
  3;228,214,227;,
  3;26,71,25;,
  3;71,26,268;,
  3;155,142,11;,
  3;18,80,78;,
  3;80,18,254;,
  3;272,224,225;,
  3;275,263,264;,
  3;202,227,204;,
  3;232,219,220;,
  3;287,289,288;,
  3;289,287,290;,
  3;291,288,292;,
  3;288,291,287;,
  3;293,292,294;,
  3;292,293,291;,
  3;295,294,296;,
  3;294,295,293;,
  3;296,297,295;,
  3;298,290,299;,
  3;290,298,289;,
  3;300,302,301;,
  3;302,300,303;,
  3;304,300,305;,
  3;300,304,303;,
  3;306,305,307;,
  3;305,306,304;,
  3;308,306,307;,
  3;306,308,309;,
  3;308,310,309;,
  3;145,146,311;,
  3;312,314,313;,
  3;314,312,315;,
  3;316,318,317;,
  3;318,316,319;,
  3;320,322,321;,
  3;322,320,323;,
  3;324,326,325;,
  3;326,324,327;,
  3;328,324,325;,
  3;324,328,329;,
  3;330,331,328;,
  3;331,330,332;,
  3;319,22,318;,
  3;22,319,21;,
  3;327,333,326;,
  3;333,327,334;,
  3;335,337,336;,
  3;337,335,338;,
  3;339,341,340;,
  3;341,339,342;,
  3;341,344,343;,
  3;344,341,342;,
  3;345,347,346;,
  3;347,345,348;,
  3;346,350,349;,
  3;350,346,347;,
  3;348,351,347;,
  3;351,348,352;,
  3;347,353,350;,
  3;353,347,351;,
  3;352,341,351;,
  3;341,352,340;,
  3;351,343,353;,
  3;343,351,341;,
  3;354,356,355;,
  3;356,354,357;,
  3;358,360,359;,
  3;360,358,361;,
  3;361,362,360;,
  3;362,361,363;,
