xof 0303txt 0032
template XSkinMeshHeader {
 <3cf169ce-ff7c-44ab-93c0-f78f62d172e2>
 WORD nMaxSkinWeightsPerVertex;
 WORD nMaxSkinWeightsPerFace;
 WORD nBones;
}

template VertexDuplicationIndices {
 <b8d65549-d7c9-4995-89cf-53a9a8b031e3>
 DWORD nIndices;
 DWORD nOriginalVertices;
 array DWORD indices[nIndices];
}

template SkinWeights {
 <6f0d123b-bad2-4167-a0d0-80224f25fabb>
 STRING transformNodeName;
 DWORD nWeights;
 array DWORD vertexIndices[nWeights];
 array FLOAT weights[nWeights];
 Matrix4x4 matrixOffset;
}

template AnimTicksPerSecond {
 <9e415a43-7ba6-4a73-8743-b73d47e88476>
 DWORD AnimTicksPerSecond;
}

template VertexElement {
 <f752461c-1e23-48f6-b9f8-8350850f336f>
 DWORD Type;
 DWORD Method;
 DWORD Usage;
 DWORD UsageIndex;
}

template DeclData {
 <bf22e553-292c-4781-9fea-62bd554bdd93>
 DWORD nElements;
 array VertexElement Elements[nElements];
 DWORD nDWords;
 array DWORD data[nDWords];
}


AnimTicksPerSecond {
 4800;
}

Frame Dummy01 {
 

 FrameTransformMatrix {
  1.000000,0.000000,0.000000,0.000000,0.000000,-0.000000,-1.000000,0.000000,0.000000,1.000000,-0.000000,0.000000,0.000000,0.000000,0.000000,1.000000;;
 }

 Frame Bip01 {
  

  FrameTransformMatrix {
   -0.022557,0.965926,-0.257834,0.000000,0.084185,0.258819,0.962250,0.000000,0.996195,-0.000001,-0.087155,0.000000,0.000000,0.030000,0.540000,1.000000;;
  }

  Frame Bip01_Pelvis {
   

   FrameTransformMatrix {
    -0.000000,1.000000,-0.000001,0.000000,0.063244,0.000001,0.997998,0.000000,0.997998,-0.000000,-0.063244,0.000000,0.000000,0.000000,0.000000,1.000000;;
   }

   Frame Bip01_Spine {
    

    FrameTransformMatrix {
     0.965720,0.016419,0.259068,0.000000,-0.000002,0.997998,-0.063241,0.000000,-0.259588,0.061073,0.963786,0.000000,0.051655,-0.000005,-0.000082,1.000000;;
    }

    Frame Bip01_Spine1 {
     

     FrameTransformMatrix {
      0.969526,-0.083327,0.230385,0.000000,0.199368,0.814879,-0.544266,0.000000,-0.142383,0.573611,0.806659,0.000000,0.106492,-0.000049,-0.000068,1.000000;;
     }

     Frame Bip01_Neck {
      

      FrameTransformMatrix {
       0.940107,-0.200281,0.275839,0.000000,0.192135,0.979739,0.056536,0.000000,-0.281573,-0.000152,0.959540,0.000000,0.130512,0.000000,0.004626,1.000000;;
      }

      Frame Bip01_Head {
       

       FrameTransformMatrix {
        0.666817,0.405247,-0.625404,0.000000,-0.044129,0.859218,0.509703,0.000000,0.743914,-0.312280,0.590824,0.000000,0.033674,0.000000,0.000000,1.000000;;
       }

       Frame Bip01_HeadNub {
        

        FrameTransformMatrix {
         1.000000,-0.000000,0.000000,0.000000,0.000000,1.000000,-0.000000,0.000000,0.000000,-0.000000,1.000000,0.000000,0.169824,0.000000,0.000000,1.000000;;
        }
       }
      }

      Frame Bip01_L_Clavicle {
       

       FrameTransformMatrix {
        -0.200281,0.979738,-0.000154,0.000000,0.939887,0.192090,-0.282337,0.000000,-0.276587,-0.056692,-0.959315,0.000000,-0.027016,0.010517,0.002325,1.000000;;
       }

       Frame Bip01_L_UpperArm {
        

        FrameTransformMatrix {
         0.789191,-0.614122,-0.005670,0.000000,0.291085,0.382163,-0.877052,0.000000,0.540784,0.690511,0.480361,0.000000,0.087086,-0.000000,0.000000,1.000000;;
        }

        Frame Bip01_L_Forearm {
         

         FrameTransformMatrix {
          0.457293,-0.000000,-0.889316,0.000000,-0.000000,1.000000,-0.000000,0.000000,0.889316,-0.000000,0.457293,0.000000,0.137062,-0.000000,0.000000,1.000000;;
         }

         Frame Bip01_L_Hand {
          

          FrameTransformMatrix {
           0.997021,-0.071632,0.028600,0.000000,0.007705,0.461443,0.887137,0.000000,-0.076745,-0.884273,0.460620,0.000000,0.137062,0.000000,0.000000,1.000000;;
          }

          Frame Bip01_L_Finger0 {
           

           FrameTransformMatrix {
            0.389717,-0.893627,0.222604,0.000000,0.903398,0.324012,-0.280875,0.000000,0.178870,0.310561,0.933573,0.000000,0.057681,-0.023605,-0.000272,1.000000;;
           }

           Frame Bip01_L_Finger0Nub {
            

            FrameTransformMatrix {
             1.000000,0.000000,0.000000,0.000000,-0.000000,1.000000,0.000000,0.000000,0.000000,0.000000,1.000000,0.000000,0.029435,0.000000,0.000000,1.000000;;
            }
           }
          }

          Frame Bip01_L_Finger1 {
           

           FrameTransformMatrix {
            0.995733,-0.000073,0.092281,0.000000,0.000000,1.000000,0.000796,0.000000,-0.092281,-0.000793,0.995733,0.000000,0.084102,0.000000,-0.000000,1.000000;;
           }

           Frame Bip01_L_Finger1Nub {
            

            FrameTransformMatrix {
             1.000000,0.000000,0.000000,0.000000,0.000000,1.000000,-0.000000,0.000000,0.000000,-0.000000,1.000000,0.000000,0.047988,0.000000,0.000000,1.000000;;
            }
           }
          }
         }
        }
       }
      }

      Frame Bip01_R_Clavicle {
       

       FrameTransformMatrix {
        0.105075,-0.949356,-0.296113,0.000000,-0.939887,-0.192090,0.282337,0.000000,-0.324919,0.248647,-0.912471,0.000000,-0.020722,-0.020275,0.002330,1.000000;;
       }

       Frame Bip01_R_UpperArm {
        

        FrameTransformMatrix {
         0.506687,0.648854,-0.567677,0.000000,-0.737148,0.667520,0.105024,0.000000,0.447081,0.365248,0.816525,0.000000,0.087086,0.000000,0.000000,1.000000;;
        }

        Frame Bip01_R_Forearm {
         

         FrameTransformMatrix {
          -0.241603,-0.000000,-0.970375,0.000000,0.000000,1.000000,0.000000,0.000000,0.970375,0.000000,-0.241603,0.000000,0.137062,-0.000000,0.000000,1.000000;;
         }

         Frame Bip01_R_Hand {
          

          FrameTransformMatrix {
           0.909975,-0.258058,-0.324579,0.000000,-0.091672,0.638188,-0.764403,0.000000,0.404403,0.725342,0.557079,0.000000,0.137062,0.000000,0.000000,1.000000;;
          }

          Frame Bip01_R_Finger0 {
           

           FrameTransformMatrix {
            0.417774,-0.116941,0.900994,0.000000,-0.558537,0.749101,0.356210,0.000000,-0.716591,-0.652054,0.247639,0.000000,0.057681,0.023605,-0.000272,1.000000;;
           }

           Frame Bip01_R_Finger0Nub {
            

            FrameTransformMatrix {
             -1.000000,0.000000,0.000000,0.000000,0.000000,1.000000,0.000000,0.000000,-0.000000,0.000000,-1.000000,0.000000,0.029435,0.000000,0.000000,1.000000;;
            }
           }
          }

          Frame Bip01_R_Finger1 {
           

           FrameTransformMatrix {
            0.352437,0.000745,0.935835,0.000000,0.000000,1.000000,-0.000796,0.000000,-0.935836,0.000281,0.352436,0.000000,0.084102,-0.000000,0.000000,1.000000;;
           }

           Frame Bip01_R_Finger1Nub {
            

            FrameTransformMatrix {
             -1.000000,-0.000000,0.000000,0.000000,-0.000000,1.000000,0.000000,0.000000,0.000000,-0.000000,-1.000000,0.000000,0.047988,0.000000,0.000000,1.000000;;
            }
           }
          }
         }
        }
       }
      }
     }

     Frame Bip01_BackPack {
      

      FrameTransformMatrix {
       0.081023,-0.088037,-0.992817,0.000000,-0.064786,0.993520,-0.093387,0.000000,0.994604,0.071887,0.074794,0.000000,0.041174,-0.003810,-0.088357,1.000000;;
      }

      Frame Bip01_BackPackNub {
       

       FrameTransformMatrix {
        0.000796,0.000003,1.000000,0.000000,0.000000,-1.000000,0.000003,0.000000,1.000000,0.000000,-0.000796,0.000000,0.053240,0.000000,-0.000000,1.000000;;
       }
      }
     }
    }

    Frame Bip01_L_Thigh {
     

     FrameTransformMatrix {
      -0.426396,0.117068,0.896929,0.000000,-0.067350,-0.992946,0.097582,0.000000,0.902026,-0.018800,0.431272,0.000000,-0.048957,0.055115,0.016861,1.000000;;
     }

     Frame Bip01_L_Calf {
      

      FrameTransformMatrix {
       0.943868,-0.000000,-0.330324,0.000000,0.000000,1.000000,0.000000,0.000000,0.330325,0.000000,0.943868,0.000000,0.237500,0.000000,0.000000,1.000000;;
      }

      Frame Bip01_L_Foot {
       

       FrameTransformMatrix {
        0.965445,0.042873,0.257055,0.000000,-0.061737,0.995924,0.065765,0.000000,-0.253188,-0.079362,0.964156,0.000000,0.206841,0.000000,-0.000000,1.000000;;
       }

       Frame Bip01_L_Toe0 {
        

        FrameTransformMatrix {
         -0.000000,0.000002,1.000000,0.000000,-0.000001,1.000000,-0.000002,0.000000,-1.000000,-0.000001,-0.000000,0.000000,0.065373,0.000000,0.066450,1.000000;;
        }

        Frame Bip01_L_Toe0Nub {
         

         FrameTransformMatrix {
          -1.000000,-0.000000,0.000000,0.000000,-0.000000,1.000000,-0.000000,0.000000,0.000000,0.000000,-1.000000,0.000000,0.006735,0.000000,0.000000,1.000000;;
         }
        }
       }
      }
     }
    }

    Frame Bip01_R_Thigh {
     

     FrameTransformMatrix {
      -0.942133,-0.010450,0.335078,0.000000,0.012813,-0.999906,0.004841,0.000000,0.334996,0.008855,0.942178,0.000000,-0.050770,-0.055115,0.010115,1.000000;;
     }

     Frame Bip01_R_Calf {
      

      FrameTransformMatrix {
       0.190881,0.000000,-0.981613,0.000000,-0.000000,1.000000,-0.000000,0.000000,0.981613,0.000000,0.190881,0.000000,0.237500,0.000000,-0.000000,1.000000;;
      }

      Frame Bip01_R_Foot {
       

       FrameTransformMatrix {
        0.946980,0.019933,-0.320674,0.000000,0.011451,0.995346,0.095686,0.000000,0.321089,-0.094284,0.942344,0.000000,0.206841,-0.000000,0.000000,1.000000;;
       }

       Frame Bip01_R_Toe0 {
        

        FrameTransformMatrix {
         -0.000001,-0.000000,1.000000,0.000000,0.000001,1.000000,0.000000,0.000000,-1.000000,0.000001,-0.000001,0.000000,0.065373,0.000000,0.066450,1.000000;;
        }

        Frame Bip01_R_Toe0Nub {
         

         FrameTransformMatrix {
          1.000000,0.000000,0.000000,0.000000,-0.000000,1.000000,0.000000,0.000000,-0.000000,-0.000000,1.000000,0.000000,0.006735,0.000000,0.000000,1.000000;;
         }
        }
       }
      }
     }
    }
   }

   Frame Bip01_DressFront {
    

    FrameTransformMatrix {
     -0.733779,-0.190299,0.652193,0.000000,0.121847,0.907542,0.401896,0.000000,-0.668373,0.374370,-0.642748,0.000000,-0.043904,0.001345,0.061035,1.000000;;
    }

    Frame Bip01_DressFront02 {
     

     FrameTransformMatrix {
      0.912593,0.000001,0.408870,0.000000,-0.000001,1.000000,-0.000000,0.000000,-0.408870,-0.000000,0.912593,0.000000,0.183378,0.000000,-0.000120,1.000000;;
     }

     Frame Bip01_DressFrontNub {
      

      FrameTransformMatrix {
       0.000796,0.000003,1.000000,0.000000,-0.000000,-1.000000,0.000003,0.000000,1.000000,-0.000000,-0.000796,0.000000,0.165302,-0.000000,0.000000,1.000000;;
      }
     }
    }
   }

   Frame Bip01_DressBack {
    

    FrameTransformMatrix {
     -0.886022,0.038029,0.462080,0.000000,0.191625,0.937561,0.290274,0.000000,-0.422190,0.345735,-0.837988,0.000000,-0.047673,-0.000048,-0.078302,1.000000;;
    }

    Frame Bip01_DressBack02 {
     

     FrameTransformMatrix {
      0.915391,0.133918,0.379639,0.000000,-0.166410,0.984580,0.053939,0.000000,-0.366562,-0.112551,0.923561,0.000000,0.176199,0.000012,-0.000100,1.000000;;
     }

     Frame Bip01_DressBackNub {
      

      FrameTransformMatrix {
       0.000796,0.000003,1.000000,0.000000,0.000000,-1.000000,0.000003,0.000000,1.000000,0.000000,-0.000796,0.000000,0.136508,0.000000,0.000000,1.000000;;
      }
     }
    }
   }
  }

  Frame Bip01_Prop1 {
   

   FrameTransformMatrix {
    0.040838,-0.813442,0.580210,0.000000,-0.723181,0.376631,0.578929,0.000000,-0.689451,-0.443239,-0.572885,0.000000,0.298128,0.169127,-0.003293,1.000000;;
   }
  }

  Frame Bip01_Prop2 {
   

   FrameTransformMatrix {
    -0.051975,-0.953682,0.296294,0.000000,0.290652,-0.298297,-0.909143,0.000000,0.955416,0.038866,0.292693,0.000000,-0.104920,0.038280,0.222993,1.000000;;
   }
  }
 }
}

Frame Translation_Data {
 

 FrameTransformMatrix {
  -0.000000,0.000000,-1.000000,0.000000,-1.000000,-0.000000,0.000000,0.000000,-0.000000,1.000000,0.000000,0.000000,0.000000,-0.000000,0.000000,1.000000;;
 }
}

Frame Body {
 

 FrameTransformMatrix {
  1.000000,0.000000,0.000000,0.000000,0.000000,1.000000,0.000000,0.000000,0.000000,0.000000,1.000000,0.000000,0.000000,0.000000,0.000000,1.000000;;
 }

 Mesh Body {
  617;
  0.082940;0.774055;-0.166360;,
  0.040497;0.779281;-0.183552;,
  0.054738;0.750207;-0.172858;,
  0.095200;0.760915;-0.151192;,
  0.099772;0.748024;-0.135894;,
  0.071611;0.720332;-0.160965;,
  0.083345;0.693523;-0.143396;,
  0.103127;0.721627;-0.112420;,
  0.020816;0.815264;-0.172041;,
  0.057343;0.815628;-0.153578;,
  0.051180;0.829869;-0.123950;,
  0.020925;0.823263;-0.132084;,
  0.090214;0.588645;-0.010542;,
  0.050875;0.594514;0.016669;,
  0.051840;0.607700;0.006741;,
  0.083793;0.600199;-0.016524;,
  0.074320;0.585056;-0.069313;,
  0.086333;0.563634;-0.045599;,
  0.043942;0.574551;-0.095578;,
  0.037350;0.526741;-0.072116;,
  0.067642;0.537512;-0.065750;,
  0.038165;0.704985;-0.179166;,
  0.038729;0.674068;-0.163670;,
  0.008773;0.594687;0.020120;,
  0.009023;0.609966;0.009387;,
  0.044112;0.719159;-0.034656;,
  -0.004911;0.714582;-0.041807;,
  -0.018313;0.748993;-0.065138;,
  0.033755;0.763655;-0.052902;,
  0.056346;0.516410;-0.085424;,
  0.065427;0.442033;-0.146468;,
  0.102546;0.424407;-0.122656;,
  0.090754;0.500059;-0.054355;,
  0.067059;0.362304;-0.202023;,
  0.094539;0.339937;-0.162924;,
  0.008744;0.512267;-0.074303;,
  0.008262;0.466203;0.008257;,
  0.021321;0.385459;-0.064188;,
  0.017052;0.427693;-0.127191;,
  0.039651;0.323423;-0.129944;,
  0.038010;0.340851;-0.168255;,
  0.085361;0.465123;-0.006516;,
  0.101075;0.389264;-0.068268;,
  0.080322;0.325667;-0.127640;,
  0.089387;0.074509;-0.243018;,
  0.045127;0.078594;-0.250046;,
  0.044931;0.054091;-0.207821;,
  0.079594;0.052232;-0.204646;,
  0.068210;0.296815;-0.199864;,
  0.067701;0.225667;-0.220571;,
  0.095963;0.214813;-0.192928;,
  0.098655;0.286461;-0.171918;,
  0.069933;0.149818;-0.240786;,
  0.088044;0.137823;-0.213538;,
  0.026223;0.272240;-0.184449;,
  0.025712;0.269897;-0.128762;,
  0.033182;0.210499;-0.156234;,
  0.037340;0.215559;-0.198557;,
  0.053896;0.139379;-0.190001;,
  0.051755;0.133893;-0.223133;,
  0.097524;0.276554;-0.123493;,
  0.095242;0.208956;-0.154838;,
  0.077961;0.143471;-0.186895;,
  0.090404;0.536534;-0.033520;,
  -0.005040;0.520590;-0.079078;,
  -0.006747;0.490920;-0.056651;,
  0.008744;0.512267;-0.074303;,
  0.096329;0.544977;0.020120;,
  0.048603;0.554927;0.046676;,
  0.086028;0.484735;0.012003;,
  0.042113;0.494168;0.038175;,
  0.048395;0.667612;-0.016628;,
  0.077690;0.713558;-0.041583;,
  0.092676;0.710878;-0.055339;,
  0.100052;0.686386;-0.099812;,
  0.080381;0.636839;-0.078993;,
  0.081875;0.657686;-0.035055;,
  0.077100;0.662210;-0.132676;,
  0.061467;0.619491;-0.103641;,
  0.021156;0.653112;-0.151195;,
  0.014915;0.611602;-0.109940;,
  0.125179;0.760100;-0.128711;,
  0.080651;0.767965;-0.099538;,
  0.164920;0.754154;-0.097885;,
  0.122143;0.755477;-0.055953;,
  0.160067;0.757275;-0.027081;,
  0.195596;0.755395;-0.060119;,
  0.095816;0.824954;-0.084234;,
  0.131664;0.820388;-0.048118;,
  0.122143;0.755477;-0.055953;,
  0.176692;0.800599;-0.009425;,
  0.160067;0.757275;-0.027081;,
  0.102355;0.832378;-0.089761;,
  0.134731;0.824750;-0.119893;,
  0.174332;0.819198;-0.090329;,
  0.212235;0.798673;-0.042218;,
  0.134214;0.788546;-0.131026;,
  0.195401;0.738271;-0.064644;,
  0.153441;0.738745;-0.025408;,
  0.174728;0.683912;-0.010501;,
  0.200614;0.685855;-0.036453;,
  0.189164;0.649753;0.007259;,
  0.208181;0.643106;-0.011240;,
  0.153441;0.738745;-0.025408;,
  0.190743;0.769999;0.014944;,
  0.214767;0.710597;0.020462;,
  0.174728;0.683912;-0.010501;,
  0.221274;0.663984;0.023590;,
  0.189164;0.649753;0.007259;,
  0.232429;0.769598;-0.024132;,
  0.234321;0.712200;0.000235;,
  0.232037;0.658977;0.013053;,
  0.206919;0.524173;0.048117;,
  0.197271;0.540886;0.058676;,
  0.234973;0.567225;0.072942;,
  0.244007;0.550574;0.062346;,
  0.163798;0.581574;0.026537;,
  0.167348;0.571240;0.029072;,
  0.171977;0.568829;0.019386;,
  0.163751;0.580392;0.014931;,
  0.226762;0.636487;0.044657;,
  0.238129;0.601245;0.049625;,
  0.193260;0.590751;0.023897;,
  0.181393;0.622954;0.029470;,
  0.242647;0.626329;0.011856;,
  0.246678;0.588522;0.036854;,
  0.195482;0.612713;-0.005234;,
  0.203602;0.579023;0.011569;,
  0.081213;0.829597;-0.141836;,
  0.100294;0.816586;-0.160829;,
  0.057343;0.815628;-0.153578;,
  0.068610;0.799962;-0.166779;,
  0.073222;0.767420;-0.056638;,
  0.042921;0.799598;-0.181202;,
  0.107949;0.789051;-0.163657;,
  0.082940;0.774055;-0.166360;,
  0.095200;0.760915;-0.151192;,
  0.105053;0.769944;-0.138284;,
  0.068288;0.812650;-0.085832;,
  0.023321;0.796895;-0.081729;,
  0.072563;0.814980;-0.090574;,
  -0.027454;0.773356;-0.097416;,
  -0.015849;0.799503;-0.150222;,
  0.051180;0.829869;-0.123950;,
  0.072563;0.814980;-0.090574;,
  0.086927;0.761074;-0.113274;,
  0.077879;0.803370;-0.090276;,
  0.080651;0.767965;-0.099538;,
  0.088062;0.748701;-0.076576;,
  0.095880;0.726184;-0.100780;,
  0.099772;0.748024;-0.135894;,
  0.086370;0.760694;-0.065624;,
  0.181393;0.622954;0.029470;,
  0.024821;0.819041;-0.195023;,
  0.039162;0.809523;-0.208947;,
  -0.006311;0.808302;-0.181013;,
  -0.001645;0.818018;-0.192728;,
  0.203602;0.579023;0.011569;,
  0.206919;0.524173;0.048117;,
  0.244007;0.550574;0.062346;,
  0.171572;0.599322;0.031313;,
  0.177671;0.592310;0.007134;,
  0.171572;0.599322;0.031313;,
  0.180590;0.584036;0.032681;,
  0.195478;0.580496;0.013405;,
  0.195478;0.580496;0.013405;,
  0.163798;0.581574;0.026537;,
  0.163751;0.580392;0.014931;,
  0.171977;0.568829;0.019386;,
  0.104282;0.131091;-0.297687;,
  0.077154;0.148883;-0.334573;,
  0.079285;0.136314;-0.349961;,
  0.110625;0.115643;-0.314181;,
  0.042412;0.088518;-0.200630;,
  0.044931;0.054091;-0.207821;,
  0.045127;0.078594;-0.250046;,
  0.044051;0.101542;-0.239880;,
  0.053896;0.139379;-0.190001;,
  0.077961;0.143471;-0.186895;,
  0.083745;0.089049;-0.195505;,
  0.089387;0.074509;-0.243018;,
  0.079594;0.052232;-0.204646;,
  0.090809;0.105937;-0.227559;,
  0.069933;0.149818;-0.240786;,
  0.088044;0.137823;-0.213538;,
  0.043387;0.133107;-0.344384;,
  0.048655;0.142619;-0.329790;,
  0.110625;0.115643;-0.314181;,
  0.043387;0.133107;-0.344384;,
  0.017052;0.427693;-0.127191;,
  0.038010;0.340851;-0.168255;,
  0.026223;0.272240;-0.184449;,
  0.037340;0.215559;-0.198557;,
  0.051755;0.133893;-0.223133;,
  0.051755;0.133893;-0.223133;,
  -0.003484;0.491590;-0.004759;,
  0.056796;0.799201;-0.227828;,
  0.048205;0.792330;-0.246255;,
  0.039275;0.786107;-0.243505;,
  0.036826;0.796321;-0.221023;,
  0.049097;0.822027;-0.207886;,
  0.041181;0.835252;-0.189312;,
  0.030367;0.933361;-0.262875;,
  0.010686;0.937896;-0.263604;,
  0.010686;0.921034;-0.288239;,
  0.044603;0.859636;-0.297666;,
  0.040935;0.888952;-0.294516;,
  0.027644;0.857428;-0.304012;,
  0.062122;0.827082;-0.228925;,
  0.054084;0.811701;-0.253088;,
  0.055228;0.811870;-0.221054;,
  0.063246;0.864537;-0.217984;,
  0.063722;0.870472;-0.241787;,
  0.063006;0.905612;-0.254010;,
  0.054340;0.898618;-0.279624;,
  0.059489;0.861479;-0.267158;,
  0.049802;0.882769;-0.184169;,
  0.060639;0.871123;-0.202747;,
  0.010686;0.885670;-0.173342;,
  0.010686;0.930159;-0.194563;,
  0.043542;0.926452;-0.204293;,
  0.059963;0.839342;-0.262137;,
  0.045528;0.830200;-0.284168;,
  0.044727;0.799789;-0.265004;,
  0.030188;0.773526;-0.272202;,
  0.010686;0.768447;-0.280827;,
  0.010686;0.770162;-0.259755;,
  0.036444;0.909561;-0.289274;,
  0.050047;0.923303;-0.260665;,
  0.058687;0.920489;-0.222406;,
  0.045153;0.936028;-0.234120;,
  0.010686;0.945195;-0.226921;,
  0.027920;0.942576;-0.228816;,
  0.010686;0.845771;-0.178064;,
  0.058687;0.920489;-0.222406;,
  0.045153;0.936028;-0.234120;,
  0.066790;0.857659;-0.230207;,
  0.066592;0.829628;-0.230023;,
  0.073284;0.859617;-0.217083;,
  0.070150;0.876877;-0.228487;,
  0.073284;0.859617;-0.217083;,
  0.066592;0.829628;-0.230023;,
  0.070150;0.876877;-0.228487;,
  0.063722;0.870472;-0.241787;,
  0.064228;0.845420;-0.244138;,
  0.062122;0.827082;-0.228925;,
  0.045240;0.852107;-0.288089;,
  0.064228;0.845420;-0.244138;,
  0.042921;0.799598;-0.181202;,
  0.039162;0.809523;-0.208947;,
  0.068610;0.799962;-0.166779;,
  0.049097;0.822027;-0.207886;,
  0.027016;0.750402;-0.199225;,
  0.031260;0.729641;-0.188074;,
  0.000322;0.575731;-0.096241;,
  0.006639;0.556675;0.049702;,
  0.003503;0.523033;0.055615;,
  0.000862;0.499457;0.050086;,
  0.018935;0.768056;-0.233870;,
  -0.003484;0.491590;-0.004759;,
  0.027920;0.942576;-0.228816;,
  0.010686;0.945195;-0.226921;,
  0.030805;0.803708;-0.282804;,
  0.023268;0.824930;-0.293511;,
  0.023460;0.815378;-0.292118;,
  0.010686;0.909622;-0.298714;,
  0.010686;0.885895;-0.307905;,
  0.025561;0.850196;-0.293389;,
  0.002701;0.666367;-0.019060;,
  0.068610;0.799962;-0.166779;,
  0.079285;0.136314;-0.349961;,
  0.030210;0.797261;-0.281463;,
  0.022543;0.794083;-0.287978;,
  0.022358;0.799425;-0.285228;,
  0.010686;0.820426;-0.307552;,
  0.010686;0.813576;-0.296886;,
  0.022106;0.802498;-0.290630;,
  0.010686;0.799635;-0.285788;,
  0.010686;0.792001;-0.290404;,
  0.010686;0.855220;-0.310358;,
  0.010686;0.846605;-0.304954;,
  0.077879;0.803370;-0.090276;,
  0.010686;0.801957;-0.294326;,
  0.074217;0.771596;-0.105048;,
  0.086927;0.761074;-0.113274;,
  0.099772;0.748024;-0.135894;,
  0.060639;0.871123;-0.202747;,
  0.068210;0.296815;-0.199864;,
  -0.007945;0.289531;-0.190233;,
  -0.001640;0.213466;-0.204709;,
  0.067701;0.225667;-0.220571;,
  0.067059;0.362304;-0.202023;,
  0.000191;0.349288;-0.188492;,
  0.065427;0.442033;-0.146468;,
  -0.000865;0.427021;-0.136069;,
  0.056346;0.516410;-0.085424;,
  0.005778;0.503912;-0.093080;,
  0.037350;0.526741;-0.072116;,
  -0.005270;0.143230;-0.221133;,
  0.069933;0.149818;-0.240786;,
  0.038513;0.197509;-0.119327;,
  0.043851;0.130928;-0.138432;,
  0.027578;0.187934;0.067304;,
  0.016022;0.245854;0.048331;,
  0.004105;0.299071;0.025753;,
  0.029573;0.263859;-0.116002;,
  -0.004588;0.347566;0.022197;,
  0.031385;0.308917;-0.103818;,
  0.019722;0.377672;-0.051514;,
  -0.003489;0.416782;0.029701;,
  0.001744;0.496363;0.060503;,
  0.074217;0.771596;-0.105048;,
  -0.043218;0.728263;-0.211392;,
  -0.049382;0.706663;-0.204675;,
  -0.001872;0.725424;-0.197571;,
  -0.007270;0.758153;-0.204004;,
  -0.043895;0.686076;-0.200083;,
  -0.056883;0.672447;-0.164926;,
  -0.011987;0.664222;-0.174678;,
  0.001999;0.689856;-0.191354;,
  -0.028606;0.793293;-0.192994;,
  -0.058792;0.788364;-0.166884;,
  -0.081438;0.773374;-0.177048;,
  -0.059595;0.774036;-0.191442;,
  -0.075280;0.605863;-0.000359;,
  -0.068343;0.615522;-0.009042;,
  -0.033426;0.616288;0.010934;,
  -0.032570;0.603196;0.021804;,
  -0.067293;0.599320;-0.062348;,
  -0.080892;0.581032;-0.035308;,
  -0.042368;0.583244;-0.091333;,
  -0.070767;0.549561;-0.058774;,
  -0.044103;0.535216;-0.067104;,
  0.009023;0.609966;0.009387;,
  0.008773;0.594687;0.020120;,
  -0.052027;0.704312;-0.053986;,
  -0.066842;0.732735;-0.085912;,
  -0.018313;0.748993;-0.065138;,
  -0.004911;0.714582;-0.041807;,
  -0.060012;0.497570;-0.059759;,
  -0.093778;0.506459;-0.023112;,
  -0.109379;0.407187;-0.013935;,
  -0.071569;0.401144;-0.042030;,
  -0.106446;0.318370;0.016131;,
  -0.079465;0.293253;-0.011234;,
  -0.010418;0.499134;-0.038599;,
  -0.023880;0.402398;-0.016699;,
  -0.029885;0.417200;0.057572;,
  -0.010801;0.495661;0.048774;,
  -0.050115;0.311634;0.014500;,
  -0.051253;0.336152;0.038126;,
  -0.109341;0.420660;0.049419;,
  -0.088316;0.501035;0.038464;,
  -0.091771;0.340620;0.036678;,
  -0.098379;0.342548;0.283379;,
  -0.093670;0.385500;0.269325;,
  -0.058813;0.385746;0.269219;,
  -0.053484;0.339627;0.284318;,
  -0.080331;0.292014;0.064934;,
  -0.109125;0.323196;0.068621;,
  -0.104946;0.320571;0.143171;,
  -0.078334;0.289671;0.138971;,
  -0.095743;0.317897;0.221298;,
  -0.077560;0.289079;0.222054;,
  -0.036886;0.310864;0.083952;,
  -0.046692;0.311905;0.142586;,
  -0.040475;0.353881;0.136802;,
  -0.033804;0.365278;0.072270;,
  -0.059578;0.315601;0.227645;,
  -0.061775;0.338397;0.209307;,
  -0.102323;0.358830;0.139291;,
  -0.105493;0.372438;0.066066;,
  -0.085871;0.339082;0.204805;,
  -0.088939;0.555193;-0.022484;,
  -0.010418;0.499134;-0.038599;,
  -0.034842;0.563609;0.051811;,
  -0.086455;0.563994;0.031367;,
  -0.039279;0.519320;0.058958;,
  -0.086338;0.514884;0.040190;,
  -0.042449;0.664260;-0.025569;,
  -0.076942;0.689677;-0.072673;,
  -0.083167;0.683720;-0.090693;,
  -0.070176;0.652074;-0.050020;,
  -0.057094;0.631765;-0.092524;,
  -0.063836;0.661075;-0.132763;,
  -0.032120;0.616037;-0.112852;,
  -0.023364;0.646695;-0.152875;,
  -0.092909;0.713139;-0.228144;,
  -0.116706;0.668647;-0.232514;,
  -0.051959;0.708451;-0.193549;,
  -0.139308;0.627004;-0.218316;,
  -0.102925;0.614374;-0.188876;,
  -0.071183;0.650259;-0.198170;,
  -0.088179;0.706484;-0.144599;,
  -0.071183;0.650259;-0.198170;,
  -0.108085;0.659433;-0.144137;,
  -0.102925;0.614374;-0.188876;,
  -0.125367;0.595692;-0.163756;,
  -0.098531;0.710858;-0.143142;,
  -0.153643;0.678146;-0.178459;,
  -0.129484;0.721373;-0.173894;,
  -0.161618;0.608019;-0.193233;,
  -0.114555;0.720141;-0.208686;,
  -0.131246;0.646141;-0.226396;,
  -0.085029;0.640063;-0.263764;,
  -0.055133;0.631793;-0.244135;,
  -0.086685;0.633701;-0.192339;,
  -0.047789;0.631487;-0.295935;,
  -0.029630;0.621516;-0.277802;,
  -0.086685;0.633701;-0.192339;,
  -0.055133;0.631793;-0.244135;,
  -0.074739;0.578509;-0.251232;,
  -0.102689;0.572959;-0.192682;,
  -0.029630;0.621516;-0.277802;,
  -0.046443;0.590200;-0.290704;,
  -0.097768;0.585211;-0.266024;,
  -0.146957;0.585523;-0.226519;,
  -0.056106;0.595410;-0.300075;,
  0.048147;0.640481;-0.357976;,
  0.010790;0.616696;-0.375688;,
  -0.001095;0.611639;-0.358243;,
  0.036423;0.635682;-0.339993;,
  0.026072;0.631898;-0.324621;,
  0.031984;0.641946;-0.325063;,
  0.024669;0.641853;-0.338014;,
  0.023498;0.631202;-0.335516;,
  -0.022367;0.594123;-0.326218;,
  0.002026;0.624774;-0.295598;,
  0.002060;0.649039;-0.320500;,
  -0.013893;0.614062;-0.356657;,
  -0.023450;0.629402;-0.365109;,
  -0.050991;0.618478;-0.330574;,
  -0.026661;0.650835;-0.297968;,
  -0.008730;0.662929;-0.329834;,
  -0.087528;0.775113;-0.194725;,
  -0.084896;0.757283;-0.218546;,
  -0.049304;0.758067;-0.207895;,
  -0.059595;0.774036;-0.191442;,
  -0.092352;0.716530;-0.110970;,
  -0.022998;0.770191;-0.208961;,
  -0.075906;0.732403;-0.221525;,
  -0.075481;0.717986;-0.206528;,
  -0.049382;0.706663;-0.204675;,
  -0.043218;0.728263;-0.211392;,
  -0.099523;0.735540;-0.154651;,
  -0.100021;0.735923;-0.160610;,
  -0.074967;0.753865;-0.124636;,
  -0.027454;0.773356;-0.097416;,
  -0.015849;0.799503;-0.150222;,
  -0.081438;0.773374;-0.177048;,
  -0.100021;0.735923;-0.160610;,
  -0.061854;0.698936;-0.175371;,
  -0.051959;0.708451;-0.193549;,
  -0.095085;0.726966;-0.160161;,
  -0.061246;0.677890;-0.152339;,
  -0.081287;0.696650;-0.132146;,
  -0.043895;0.686076;-0.200083;,
  -0.092425;0.705740;-0.124295;,
  0.002026;0.624774;-0.295598;,
  -0.025793;0.791235;-0.216566;,
  -0.023232;0.805512;-0.200659;,
  -0.001645;0.818018;-0.192728;,
  -0.006311;0.808302;-0.181013;,
  -0.008730;0.662929;-0.329834;,
  0.048147;0.640481;-0.357976;,
  0.010790;0.616696;-0.375688;,
  0.021907;0.655859;-0.314990;,
  0.014146;0.631981;-0.308620;,
  0.014146;0.631981;-0.308620;,
  0.008278;0.634878;-0.325174;,
  0.005541;0.658899;-0.329785;,
  0.005541;0.658899;-0.329785;,
  0.031984;0.641946;-0.325063;,
  0.026072;0.631898;-0.324621;,
  0.024669;0.641853;-0.338014;,
  -0.104620;0.262793;0.286870;,
  -0.110180;0.262694;0.309673;,
  -0.074366;0.227068;0.321411;,
  -0.073045;0.228122;0.301500;,
  -0.055067;0.365186;0.240821;,
  -0.052112;0.329405;0.261410;,
  -0.053484;0.339627;0.284318;,
  -0.058813;0.385746;0.269219;,
  -0.061775;0.338397;0.209307;,
  -0.096607;0.363735;0.238117;,
  -0.085871;0.339082;0.204805;,
  -0.098379;0.342548;0.283379;,
  -0.099529;0.329254;0.250966;,
  -0.093670;0.385500;0.269325;,
  -0.077560;0.289079;0.222054;,
  -0.095743;0.317897;0.221298;,
  -0.045552;0.238999;0.301106;,
  -0.039426;0.236993;0.318126;,
  -0.039426;0.236993;0.318126;,
  -0.110180;0.262694;0.309673;,
  -0.023880;0.402398;-0.016699;,
  -0.050115;0.311634;0.014500;,
  -0.036886;0.310864;0.083952;,
  -0.046692;0.311905;0.142586;,
  -0.059578;0.315601;0.227645;,
  -0.059578;0.315601;0.227645;,
  -0.035424;0.799201;-0.227828;,
  -0.013489;0.782155;-0.226925;,
  -0.017903;0.786107;-0.243505;,
  -0.026833;0.792330;-0.246255;,
  -0.027725;0.822028;-0.207886;,
  -0.019809;0.835252;-0.189312;,
  -0.008995;0.933363;-0.262875;,
  0.010686;0.937896;-0.263604;,
  -0.023231;0.859636;-0.297666;,
  -0.006272;0.857428;-0.304012;,
  -0.019563;0.888952;-0.294516;,
  -0.032712;0.811701;-0.253088;,
  -0.040750;0.827082;-0.228925;,
  -0.033856;0.811870;-0.221053;,
  -0.041874;0.864537;-0.217984;,
  -0.042350;0.870472;-0.241787;,
  -0.038117;0.861479;-0.267158;,
  -0.032968;0.898618;-0.279624;,
  -0.041634;0.905612;-0.254010;,
  -0.039267;0.871123;-0.202746;,
  -0.028430;0.882769;-0.184169;,
  0.010686;0.885670;-0.173342;,
  -0.022170;0.926452;-0.204293;,
  0.010686;0.930159;-0.194563;,
  -0.038591;0.839342;-0.262137;,
  -0.023355;0.799789;-0.265004;,
  -0.024156;0.830200;-0.284168;,
  -0.008816;0.773526;-0.272202;,
  -0.015072;0.909561;-0.289274;,
  -0.028675;0.923305;-0.260665;,
  -0.023781;0.936030;-0.234120;,
  -0.037315;0.920489;-0.222406;,
  -0.006548;0.942578;-0.228816;,
  0.010686;0.945195;-0.226921;,
  0.010686;0.845771;-0.178064;,
  -0.037315;0.920489;-0.222406;,
  -0.023781;0.936030;-0.234120;,
  -0.051742;0.859617;-0.217083;,
  -0.045123;0.829628;-0.230023;,
  -0.045418;0.857659;-0.230207;,
  -0.048595;0.876877;-0.228487;,
  -0.045123;0.829628;-0.230023;,
  -0.051742;0.859617;-0.217083;,
  -0.048595;0.876877;-0.228487;,
  -0.042350;0.870472;-0.241787;,
  -0.042856;0.845420;-0.244138;,
  -0.040750;0.827082;-0.228925;,
  -0.023868;0.852107;-0.288089;,
  -0.042856;0.845420;-0.244138;,
  -0.025793;0.791235;-0.216566;,
  -0.022998;0.770191;-0.208961;,
  -0.049304;0.758067;-0.207895;,
  -0.027725;0.822028;-0.207886;,
  0.006639;0.556675;0.049702;,
  0.003503;0.523033;0.055615;,
  0.000862;0.499457;0.050086;,
  -0.003484;0.491590;-0.004759;,
  -0.006548;0.942578;-0.228816;,
  0.010686;0.945195;-0.226921;,
  -0.009433;0.803708;-0.282804;,
  -0.002088;0.815378;-0.292118;,
  -0.001896;0.824930;-0.293511;,
  -0.004189;0.850196;-0.293389;,
  0.002701;0.666367;-0.019060;,
  -0.049304;0.758067;-0.207895;,
  -0.074366;0.227068;0.321411;,
  -0.001171;0.794083;-0.287978;,
  -0.008838;0.797261;-0.281463;,
  -0.000986;0.799425;-0.285228;,
  -0.000734;0.802498;-0.290630;,
  -0.095085;0.726966;-0.160161;,
  -0.065582;0.710898;-0.163969;,
  -0.061854;0.698936;-0.175371;,
  -0.043895;0.686076;-0.200083;,
  -0.039267;0.871123;-0.202746;,
  -0.061275;0.266408;-0.036250;,
  -0.071996;0.227527;0.004286;,
  -0.049832;0.212872;-0.125184;,
  -0.043393;0.278039;-0.128440;,
  -0.059158;0.309791;-0.070374;,
  -0.042022;0.329829;-0.135193;,
  -0.032167;0.399622;-0.069700;,
  -0.023426;0.405966;-0.105165;,
  -0.013536;0.482229;-0.069150;,
  -0.006174;0.482514;-0.079646;,
  -0.005040;0.520590;-0.079078;,
  -0.044103;0.535216;-0.067104;,
  -0.077818;0.188280;0.038715;,
  -0.056504;0.157301;-0.125389;,
  -0.030409;0.348333;0.205548;,
  -0.085857;0.339083;0.204804;,
  -0.102323;0.358830;0.139291;,
  -0.035184;0.359203;0.136620;,
  -0.105493;0.372438;0.066066;,
  -0.040467;0.380370;0.077608;,
  -0.042479;0.355416;0.056681;,
  -0.091771;0.340620;0.036678;,
  -0.109341;0.420660;0.049419;,
  -0.028473;0.420250;0.074749;,
  0.003503;0.523033;0.055615;,
  -0.039279;0.519320;0.058958;,
  -0.065582;0.710898;-0.163969;,
  -0.060012;0.497570;-0.059759;,
  -0.071569;0.401144;-0.042030;,
  -0.079465;0.293253;-0.011234;,
  -0.080331;0.292014;0.064934;,
  -0.078334;0.289671;0.138971;,
  -0.077560;0.289079;0.222054;,
  0.085361;0.465123;-0.006516;,
  0.101075;0.389264;-0.068268;,
  0.042113;0.494168;0.038175;,
  0.080322;0.325667;-0.127640;,
  0.097524;0.276554;-0.123493;,
  0.095242;0.208956;-0.154838;,
  0.077961;0.143471;-0.186895;,
  -0.088316;0.501035;0.038464;;
  916;
  3;0,2,1;,
  3;2,0,3;,
  3;4,6,5;,
  3;6,4,7;,
  3;8,10,9;,
  3;10,8,11;,
  3;12,14,13;,
  3;14,12,15;,
  3;16,12,17;,
  3;12,16,15;,
  3;18,20,19;,
  3;20,18,16;,
  3;5,22,21;,
  3;22,5,6;,
  3;13,24,23;,
  3;24,13,14;,
  3;25,27,26;,
  3;27,25,28;,
  3;29,31,30;,
  3;31,29,32;,
  3;31,33,30;,
  3;33,31,34;,
  3;35,37,36;,
  3;37,35,38;,
  3;38,39,37;,
  3;39,38,40;,
  3;36,42,41;,
  3;42,36,37;,
  3;37,43,42;,
  3;43,37,39;,
  3;41,31,32;,
  3;31,41,42;,
  3;42,34,31;,
  3;34,42,43;,
  3;44,46,45;,
  3;46,44,47;,
  3;48,50,49;,
  3;50,48,51;,
  3;49,53,52;,
  3;53,49,50;,
  3;54,56,55;,
  3;56,54,57;,
  3;57,58,56;,
  3;58,57,59;,
  3;55,61,60;,
  3;61,55,56;,
  3;56,62,61;,
  3;62,56,58;,
  3;60,50,51;,
  3;50,60,61;,
  3;61,53,50;,
  3;53,61,62;,
  3;32,20,63;,
  3;20,32,29;,
  3;64,66,65;,
  3;66,64,19;,
  3;13,67,12;,
  3;67,13,68;,
  3;68,69,67;,
  3;69,68,70;,
  3;70,41,69;,
  3;41,70,36;,
  3;48,34,51;,
  3;34,48,33;,
  3;51,43,60;,
  3;43,51,34;,
  3;43,55,60;,
  3;55,43,39;,
  3;39,54,55;,
  3;54,39,40;,
  3;12,63,17;,
  3;63,12,67;,
  3;67,32,63;,
  3;32,67,69;,
  3;69,41,32;,
  3;71,72,25;,
  3;73,75,74;,
  3;75,73,76;,
  3;75,77,74;,
  3;77,75,78;,
  3;79,78,80;,
  3;78,79,77;,
  3;81,83,82;,
  3;83,85,84;,
  3;85,83,86;,
  3;87,89,88;,
  3;89,90,88;,
  3;90,89,91;,
  3;92,94,93;,
  3;92,88,94;,
  3;92,87,88;,
  3;88,95,94;,
  3;95,88,90;,
  3;96,94,83;,
  3;94,86,83;,
  3;86,94,95;,
  3;97,99,98;,
  3;99,97,100;,
  3;100,101,99;,
  3;101,100,102;,
  3;103,105,104;,
  3;105,103,106;,
  3;106,107,105;,
  3;107,106,108;,
  3;104,110,109;,
  3;110,104,105;,
  3;105,111,110;,
  3;111,105,107;,
  3;109,100,97;,
  3;100,109,110;,
  3;110,102,100;,
  3;102,110,111;,
  3;112,114,113;,
  3;114,112,115;,
  3;116,118,117;,
  3;118,116,119;,
  3;120,122,121;,
  3;122,120,123;,
  3;120,125,124;,
  3;125,120,121;,
  3;126,125,127;,
  3;125,126,124;,
  3;95,97,86;,
  3;97,95,109;,
  3;86,98,85;,
  3;98,86,97;,
  3;90,103,104;,
  3;103,90,91;,
  3;104,95,90;,
  3;95,104,109;,
  3;128,96,129;,
  3;96,128,93;,
  3;129,130,128;,
  3;130,129,131;,
  3;72,28,25;,
  3;28,72,132;,
  3;9,133,8;,
  3;134,136,135;,
  3;136,134,137;,
  3;81,137,134;,
  3;138,11,139;,
  3;138,10,11;,
  3;138,140,10;,
  3;141,11,142;,
  3;11,141,139;,
  3;128,130,143;,
  3;93,144,92;,
  3;93,143,144;,
  3;93,128,143;,
  3;145,87,146;,
  3;87,145,147;,
  3;74,148,73;,
  3;148,74,149;,
  3;150,147,145;,
  3;7,149,74;,
  3;148,151,73;,
  3;102,152,101;,
  3;152,102,126;,
  3;102,124,126;,
  3;124,102,111;,
  3;111,120,124;,
  3;120,111,107;,
  3;120,108,123;,
  3;108,120,107;,
  3;8,154,153;,
  3;154,8,133;,
  3;153,155,8;,
  3;155,153,156;,
  3;121,113,114;,
  3;113,121,122;,
  3;122,112,113;,
  3;112,122,157;,
  3;158,125,159;,
  3;125,158,127;,
  3;159,121,114;,
  3;121,159,125;,
  3;126,160,152;,
  3;160,126,161;,
  3;162,122,123;,
  3;122,162,163;,
  3;122,164,157;,
  3;164,122,163;,
  3;165,126,127;,
  3;126,165,161;,
  3;161,166,160;,
  3;166,161,167;,
  3;162,117,163;,
  3;117,162,116;,
  3;163,118,164;,
  3;118,163,117;,
  3;165,167,161;,
  3;167,165,168;,
  3;169,171,170;,
  3;171,169,172;,
  3;173,175,174;,
  3;175,173,176;,
  3;177,179,178;,
  3;179,177,173;,
  3;180,179,181;,
  3;179,180,182;,
  3;183,169,170;,
  3;169,183,184;,
  3;175,186,185;,
  3;186,175,176;,
  3;45,187,44;,
  3;187,45,188;,
  3;180,169,182;,
  3;169,180,172;,
  3;19,29,66;,
  3;20,29,19;,
  3;29,30,189;,
  3;30,190,189;,
  3;190,30,33;,
  3;33,191,190;,
  3;191,33,48;,
  3;191,49,192;,
  3;49,191,48;,
  3;192,52,193;,
  3;52,192,49;,
  3;194,170,186;,
  3;170,194,183;,
  3;170,185,186;,
  3;185,170,171;,
  3;186,176,194;,
  3;194,173,177;,
  3;173,194,176;,
  3;179,174,181;,
  3;174,179,173;,
  3;178,182,184;,
  3;182,178,179;,
  3;182,169,184;,
  3;16,17,20;,
  3;17,63,20;,
  3;66,195,65;,
  3;196,198,197;,
  3;198,196,199;,
  3;200,153,154;,
  3;153,200,201;,
  3;202,204,203;,
  3;205,207,206;,
  3;196,209,208;,
  3;209,196,197;,
  3;210,208,211;,
  3;208,210,196;,
  3;212,214,213;,
  3;214,212,215;,
  3;212,213,211;,
  3;201,217,216;,
  3;217,201,200;,
  3;218,220,219;,
  3;220,218,216;,
  3;210,199,196;,
  3;214,205,206;,
  3;221,223,222;,
  3;197,198,224;,
  3;224,226,225;,
  3;226,224,198;,
  3;227,214,206;,
  3;228,229,213;,
  3;229,228,230;,
  3;219,232,231;,
  3;214,228,213;,
  3;156,201,233;,
  3;201,156,153;,
  3;233,216,218;,
  3;216,233,201;,
  3;220,216,234;,
  3;235,220,234;,
  3;236,238,237;,
  3;238,236,239;,
  3;208,240,211;,
  3;240,208,241;,
  3;211,242,212;,
  3;242,211,240;,
  3;243,236,244;,
  3;236,243,239;,
  3;244,237,245;,
  3;237,244,236;,
  3;246,221,222;,
  3;221,246,215;,
  3;221,212,247;,
  3;212,221,215;,
  3;199,248,1;,
  3;248,199,249;,
  3;133,9,250;,
  3;249,210,251;,
  3;210,249,199;,
  3;210,211,251;,
  3;252,2,253;,
  3;2,252,1;,
  3;19,254,18;,
  3;254,19,64;,
  3;23,68,13;,
  3;68,23,255;,
  3;68,256,70;,
  3;256,68,255;,
  3;256,36,70;,
  3;36,256,257;,
  3;258,1,252;,
  3;1,258,199;,
  3;257,259,36;,
  3;36,259,35;,
  3;260,203,261;,
  3;203,260,202;,
  3;262,263,222;,
  3;263,262,264;,
  3;198,258,226;,
  3;258,198,199;,
  3;265,204,227;,
  3;265,206,266;,
  3;206,265,227;,
  3;222,267,246;,
  3;267,222,263;,
  3;89,87,147;,
  3;82,83,84;,
  3;78,16,18;,
  3;16,78,75;,
  3;75,15,16;,
  3;15,75,76;,
  3;15,71,14;,
  3;71,15,76;,
  3;14,268,24;,
  3;268,14,71;,
  3;248,269,1;,
  3;1,269,0;,
  3;135,129,134;,
  3;129,135,131;,
  3;134,96,81;,
  3;96,134,129;,
  3;96,83,81;,
  3;94,96,93;,
  3;29,189,66;,
  3;205,215,246;,
  3;267,205,246;,
  3;205,267,207;,
  3;205,214,215;,
  3;187,188,270;,
  3;224,272,271;,
  3;223,221,209;,
  3;224,223,197;,
  3;271,273,262;,
  3;273,271,272;,
  3;263,275,274;,
  3;273,276,262;,
  3;277,272,278;,
  3;272,277,273;,
  3;223,271,262;,
  3;271,223,224;,
  3;223,209,197;,
  3;208,221,247;,
  3;221,208,209;,
  3;222,223,262;,
  3;266,207,279;,
  3;207,266,206;,
  3;207,280,279;,
  3;280,207,267;,
  3;280,263,274;,
  3;263,280,267;,
  3;264,262,276;,
  3;76,73,72;,
  3;138,281,140;,
  3;73,132,72;,
  3;132,73,151;,
  3;72,71,76;,
  3;272,225,278;,
  3;155,11,8;,
  3;276,277,282;,
  3;277,276,273;,
  3;275,276,282;,
  3;276,275,264;,
  3;28,141,27;,
  3;141,28,139;,
  3;139,132,138;,
  3;132,139,28;,
  3;132,281,138;,
  3;281,132,151;,
  3;281,148,283;,
  3;148,281,151;,
  3;283,149,284;,
  3;149,283,148;,
  3;7,284,149;,
  3;284,7,4;,
  3;6,79,22;,
  3;79,6,77;,
  3;77,7,74;,
  3;7,77,6;,
  3;5,3,4;,
  3;3,5,2;,
  3;285,137,82;,
  3;137,285,136;,
  3;137,81,82;,
  3;92,146,87;,
  3;146,92,144;,
  3;2,21,253;,
  3;21,2,5;,
  3;286,213,229;,
  3;251,211,286;,
  3;213,286,211;,
  3;234,216,217;,
  3;227,202,228;,
  3;202,230,228;,
  3;230,202,260;,
  3;232,220,235;,
  3;228,214,227;,
  3;26,71,25;,
  3;71,26,268;,
  3;155,142,11;,
  3;18,80,78;,
  3;80,18,254;,
  3;272,224,225;,
  3;275,263,264;,
  3;202,227,204;,
  3;232,219,220;,
  3;287,289,288;,
  3;289,287,290;,
  3;291,288,292;,
  3;288,291,287;,
  3;293,292,294;,
  3;292,293,291;,
  3;295,294,296;,
  3;294,295,293;,
  3;296,297,295;,
  3;298,290,299;,
  3;290,298,289;,
  3;300,302,301;,
  3;302,300,303;,
  3;304,300,305;,
  3;300,304,303;,
  3;306,305,307;,
  3;305,306,304;,
  3;308,306,307;,
  3;306,308,309;,
  3;308,310,309;,
  3;145,146,311;,
  3;312,314,313;,
  3;314,312,315;,
  3;316,318,317;,
  3;318,316,319;,
  3;320,322,321;,
  3;322,320,323;,
  3;324,326,325;,
  3;326,324,327;,
  3;328,324,325;,
  3;324,328,329;,
  3;330,331,328;,
  3;331,330,332;,
  3;319,22,318;,
  3;22,319,21;,
  3;327,333,326;,
  3;333,327,334;,
  3;335,337,336;,
  3;337,335,338;,
  3;339,341,340;,
  3;341,339,342;,
  3;341,344,343;,
  3;344,341,342;,
  3;345,347,346;,
  3;347,345,348;,
  3;346,350,349;,
  3;350,346,347;,
  3;348,351,347;,
  3;351,348,352;,
  3;347,353,350;,
  3;353,347,351;,
  3;352,341,351;,
  3;341,352,340;,
  3;351,343,353;,
  3;343,351,341;,
  3;354,356,355;,
  3;356,354,357;,
  3;358,360,359;,
  3;360,358,361;,
